title:York Wishlist MoT Version 2
description:York Wishlist MoT Version 2

// Yeartide Apex ()
dimwishlist:item=3293207827&perks=2890807135,4293542123,3640170453


// Pre Astyanax IV ()
dimwishlist:item=471764396&perks=3824105627,2890807135
dimwishlist:item=471764396&perks=3824105627,3365897133
dimwishlist:item=471764396&perks=3824105627,1089671869
dimwishlist:item=471764396&perks=4293542123,2890807135
dimwishlist:item=471764396&perks=4293542123,3365897133
dimwishlist:item=471764396&perks=4293542123,1089671869
dimwishlist:item=471764396&perks=247725512,2890807135
dimwishlist:item=471764396&perks=247725512,3365897133
dimwishlist:item=471764396&perks=247725512,1089671869


// A Good Shout ()
dimwishlist:item=649691506&perks=1220787353,1202133695,3987942396,3425386926
dimwishlist:item=649691506&perks=1220787353,1202133695,3987942396,2319119708
dimwishlist:item=649691506&perks=1220787353,1202133695,3987942396,2048641572
dimwishlist:item=649691506&perks=1220787353,1202133695,3987942396,1464081238
dimwishlist:item=649691506&perks=1220787353,1069117426,3987942396,3425386926
dimwishlist:item=649691506&perks=1220787353,1069117426,3987942396,2319119708
dimwishlist:item=649691506&perks=1220787353,1069117426,3987942396,2048641572
dimwishlist:item=649691506&perks=1220787353,1069117426,3987942396,1464081238
dimwishlist:item=649691506&perks=1220787353,2955427634,3987942396,3425386926
dimwishlist:item=649691506&perks=1220787353,2955427634,3987942396,2319119708
dimwishlist:item=649691506&perks=1220787353,2955427634,3987942396,2048641572
dimwishlist:item=649691506&perks=1220787353,2955427634,3987942396,1464081238


// Horror's Least ()
dimwishlist:item=827835657&perks=839105230,1885400500,2387244414,3425386926
dimwishlist:item=827835657&perks=839105230,1885400500,2387244414,3966416502
dimwishlist:item=827835657&perks=839105230,1885400500,2387244414,1428297954
dimwishlist:item=827835657&perks=839105230,1885400500,2387244414,1015611457
dimwishlist:item=827835657&perks=839105230,1885400500,3731491409,3425386926
dimwishlist:item=827835657&perks=839105230,1885400500,3731491409,3966416502
dimwishlist:item=827835657&perks=839105230,1885400500,3731491409,1428297954
dimwishlist:item=827835657&perks=839105230,1885400500,3731491409,1015611457
dimwishlist:item=827835657&perks=839105230,1885400500,1570042021,3425386926
dimwishlist:item=827835657&perks=839105230,1885400500,1570042021,3966416502
dimwishlist:item=827835657&perks=839105230,1885400500,1570042021,1428297954
dimwishlist:item=827835657&perks=839105230,1885400500,1570042021,1015611457
dimwishlist:item=827835657&perks=839105230,1885400500,1115162408,3425386926
dimwishlist:item=827835657&perks=839105230,1885400500,1115162408,3966416502
dimwishlist:item=827835657&perks=839105230,1885400500,1115162408,1428297954
dimwishlist:item=827835657&perks=839105230,1885400500,1115162408,1015611457
dimwishlist:item=827835657&perks=839105230,3142289711,2387244414,3425386926
dimwishlist:item=827835657&perks=839105230,3142289711,2387244414,3966416502
dimwishlist:item=827835657&perks=839105230,3142289711,2387244414,1428297954
dimwishlist:item=827835657&perks=839105230,3142289711,2387244414,1015611457
dimwishlist:item=827835657&perks=839105230,3142289711,3731491409,3425386926
dimwishlist:item=827835657&perks=839105230,3142289711,3731491409,3966416502
dimwishlist:item=827835657&perks=839105230,3142289711,3731491409,1428297954
dimwishlist:item=827835657&perks=839105230,3142289711,3731491409,1015611457
dimwishlist:item=827835657&perks=839105230,3142289711,1570042021,3425386926
dimwishlist:item=827835657&perks=839105230,3142289711,1570042021,3966416502
dimwishlist:item=827835657&perks=839105230,3142289711,1570042021,1428297954
dimwishlist:item=827835657&perks=839105230,3142289711,1570042021,1015611457
dimwishlist:item=827835657&perks=839105230,3142289711,1115162408,3425386926
dimwishlist:item=827835657&perks=839105230,3142289711,1115162408,3966416502
dimwishlist:item=827835657&perks=839105230,3142289711,1115162408,1428297954
dimwishlist:item=827835657&perks=839105230,3142289711,1115162408,1015611457
dimwishlist:item=827835657&perks=839105230,1561002382,2387244414,3425386926
dimwishlist:item=827835657&perks=839105230,1561002382,2387244414,3966416502
dimwishlist:item=827835657&perks=839105230,1561002382,2387244414,1428297954
dimwishlist:item=827835657&perks=839105230,1561002382,2387244414,1015611457
dimwishlist:item=827835657&perks=839105230,1561002382,3731491409,3425386926
dimwishlist:item=827835657&perks=839105230,1561002382,3731491409,3966416502
dimwishlist:item=827835657&perks=839105230,1561002382,3731491409,1428297954
dimwishlist:item=827835657&perks=839105230,1561002382,3731491409,1015611457
dimwishlist:item=827835657&perks=839105230,1561002382,1570042021,3425386926
dimwishlist:item=827835657&perks=839105230,1561002382,1570042021,3966416502
dimwishlist:item=827835657&perks=839105230,1561002382,1570042021,1428297954
dimwishlist:item=827835657&perks=839105230,1561002382,1570042021,1015611457
dimwishlist:item=827835657&perks=839105230,1561002382,1115162408,3425386926
dimwishlist:item=827835657&perks=839105230,1561002382,1115162408,3966416502
dimwishlist:item=827835657&perks=839105230,1561002382,1115162408,1428297954
dimwishlist:item=827835657&perks=839105230,1561002382,1115162408,1015611457
dimwishlist:item=827835657&perks=1840239774,1885400500,2387244414,3425386926
dimwishlist:item=827835657&perks=1840239774,1885400500,2387244414,3966416502
dimwishlist:item=827835657&perks=1840239774,1885400500,2387244414,1428297954
dimwishlist:item=827835657&perks=1840239774,1885400500,2387244414,1015611457
dimwishlist:item=827835657&perks=1840239774,1885400500,3731491409,3425386926
dimwishlist:item=827835657&perks=1840239774,1885400500,3731491409,3966416502
dimwishlist:item=827835657&perks=1840239774,1885400500,3731491409,1428297954
dimwishlist:item=827835657&perks=1840239774,1885400500,3731491409,1015611457
dimwishlist:item=827835657&perks=1840239774,1885400500,1570042021,3425386926
dimwishlist:item=827835657&perks=1840239774,1885400500,1570042021,3966416502
dimwishlist:item=827835657&perks=1840239774,1885400500,1570042021,1428297954
dimwishlist:item=827835657&perks=1840239774,1885400500,1570042021,1015611457
dimwishlist:item=827835657&perks=1840239774,1885400500,1115162408,3425386926
dimwishlist:item=827835657&perks=1840239774,1885400500,1115162408,3966416502
dimwishlist:item=827835657&perks=1840239774,1885400500,1115162408,1428297954
dimwishlist:item=827835657&perks=1840239774,1885400500,1115162408,1015611457
dimwishlist:item=827835657&perks=1840239774,3142289711,2387244414,3425386926
dimwishlist:item=827835657&perks=1840239774,3142289711,2387244414,3966416502
dimwishlist:item=827835657&perks=1840239774,3142289711,2387244414,1428297954
dimwishlist:item=827835657&perks=1840239774,3142289711,2387244414,1015611457
dimwishlist:item=827835657&perks=1840239774,3142289711,3731491409,3425386926
dimwishlist:item=827835657&perks=1840239774,3142289711,3731491409,3966416502
dimwishlist:item=827835657&perks=1840239774,3142289711,3731491409,1428297954
dimwishlist:item=827835657&perks=1840239774,3142289711,3731491409,1015611457
dimwishlist:item=827835657&perks=1840239774,3142289711,1570042021,3425386926
dimwishlist:item=827835657&perks=1840239774,3142289711,1570042021,3966416502
dimwishlist:item=827835657&perks=1840239774,3142289711,1570042021,1428297954
dimwishlist:item=827835657&perks=1840239774,3142289711,1570042021,1015611457
dimwishlist:item=827835657&perks=1840239774,3142289711,1115162408,3425386926
dimwishlist:item=827835657&perks=1840239774,3142289711,1115162408,3966416502
dimwishlist:item=827835657&perks=1840239774,3142289711,1115162408,1428297954
dimwishlist:item=827835657&perks=1840239774,3142289711,1115162408,1015611457
dimwishlist:item=827835657&perks=1840239774,1561002382,2387244414,3425386926
dimwishlist:item=827835657&perks=1840239774,1561002382,2387244414,3966416502
dimwishlist:item=827835657&perks=1840239774,1561002382,2387244414,1428297954
dimwishlist:item=827835657&perks=1840239774,1561002382,2387244414,1015611457
dimwishlist:item=827835657&perks=1840239774,1561002382,3731491409,3425386926
dimwishlist:item=827835657&perks=1840239774,1561002382,3731491409,3966416502
dimwishlist:item=827835657&perks=1840239774,1561002382,3731491409,1428297954
dimwishlist:item=827835657&perks=1840239774,1561002382,3731491409,1015611457
dimwishlist:item=827835657&perks=1840239774,1561002382,1570042021,3425386926
dimwishlist:item=827835657&perks=1840239774,1561002382,1570042021,3966416502
dimwishlist:item=827835657&perks=1840239774,1561002382,1570042021,1428297954
dimwishlist:item=827835657&perks=1840239774,1561002382,1570042021,1015611457
dimwishlist:item=827835657&perks=1840239774,1561002382,1115162408,3425386926
dimwishlist:item=827835657&perks=1840239774,1561002382,1115162408,3966416502
dimwishlist:item=827835657&perks=1840239774,1561002382,1115162408,1428297954
dimwishlist:item=827835657&perks=1840239774,1561002382,1115162408,1015611457
dimwishlist:item=827835657&perks=1467527085,1885400500,2387244414,3425386926
dimwishlist:item=827835657&perks=1467527085,1885400500,2387244414,3966416502
dimwishlist:item=827835657&perks=1467527085,1885400500,2387244414,1428297954
dimwishlist:item=827835657&perks=1467527085,1885400500,2387244414,1015611457
dimwishlist:item=827835657&perks=1467527085,1885400500,3731491409,3425386926
dimwishlist:item=827835657&perks=1467527085,1885400500,3731491409,3966416502
dimwishlist:item=827835657&perks=1467527085,1885400500,3731491409,1428297954
dimwishlist:item=827835657&perks=1467527085,1885400500,3731491409,1015611457
dimwishlist:item=827835657&perks=1467527085,1885400500,1570042021,3425386926
dimwishlist:item=827835657&perks=1467527085,1885400500,1570042021,3966416502
dimwishlist:item=827835657&perks=1467527085,1885400500,1570042021,1428297954
dimwishlist:item=827835657&perks=1467527085,1885400500,1570042021,1015611457
dimwishlist:item=827835657&perks=1467527085,1885400500,1115162408,3425386926
dimwishlist:item=827835657&perks=1467527085,1885400500,1115162408,3966416502
dimwishlist:item=827835657&perks=1467527085,1885400500,1115162408,1428297954
dimwishlist:item=827835657&perks=1467527085,1885400500,1115162408,1015611457
dimwishlist:item=827835657&perks=1467527085,3142289711,2387244414,3425386926
dimwishlist:item=827835657&perks=1467527085,3142289711,2387244414,3966416502
dimwishlist:item=827835657&perks=1467527085,3142289711,2387244414,1428297954
dimwishlist:item=827835657&perks=1467527085,3142289711,2387244414,1015611457
dimwishlist:item=827835657&perks=1467527085,3142289711,3731491409,3425386926
dimwishlist:item=827835657&perks=1467527085,3142289711,3731491409,3966416502
dimwishlist:item=827835657&perks=1467527085,3142289711,3731491409,1428297954
dimwishlist:item=827835657&perks=1467527085,3142289711,3731491409,1015611457
dimwishlist:item=827835657&perks=1467527085,3142289711,1570042021,3425386926
dimwishlist:item=827835657&perks=1467527085,3142289711,1570042021,3966416502
dimwishlist:item=827835657&perks=1467527085,3142289711,1570042021,1428297954
dimwishlist:item=827835657&perks=1467527085,3142289711,1570042021,1015611457
dimwishlist:item=827835657&perks=1467527085,3142289711,1115162408,3425386926
dimwishlist:item=827835657&perks=1467527085,3142289711,1115162408,3966416502
dimwishlist:item=827835657&perks=1467527085,3142289711,1115162408,1428297954
dimwishlist:item=827835657&perks=1467527085,3142289711,1115162408,1015611457
dimwishlist:item=827835657&perks=1467527085,1561002382,2387244414,3425386926
dimwishlist:item=827835657&perks=1467527085,1561002382,2387244414,3966416502
dimwishlist:item=827835657&perks=1467527085,1561002382,2387244414,1428297954
dimwishlist:item=827835657&perks=1467527085,1561002382,2387244414,1015611457
dimwishlist:item=827835657&perks=1467527085,1561002382,3731491409,3425386926
dimwishlist:item=827835657&perks=1467527085,1561002382,3731491409,3966416502
dimwishlist:item=827835657&perks=1467527085,1561002382,3731491409,1428297954
dimwishlist:item=827835657&perks=1467527085,1561002382,3731491409,1015611457
dimwishlist:item=827835657&perks=1467527085,1561002382,1570042021,3425386926
dimwishlist:item=827835657&perks=1467527085,1561002382,1570042021,3966416502
dimwishlist:item=827835657&perks=1467527085,1561002382,1570042021,1428297954
dimwishlist:item=827835657&perks=1467527085,1561002382,1570042021,1015611457
dimwishlist:item=827835657&perks=1467527085,1561002382,1115162408,3425386926
dimwishlist:item=827835657&perks=1467527085,1561002382,1115162408,3966416502
dimwishlist:item=827835657&perks=1467527085,1561002382,1115162408,1428297954
dimwishlist:item=827835657&perks=1467527085,1561002382,1115162408,1015611457


// Ahab Char ()
dimwishlist:item=1411560894&perks=839105230,1885400500,1631667848,3673922083
dimwishlist:item=1411560894&perks=839105230,1885400500,1631667848,2890807135
dimwishlist:item=1411560894&perks=839105230,1885400500,1631667848,699525795
dimwishlist:item=1411560894&perks=839105230,1885400500,3017780555,3673922083
dimwishlist:item=1411560894&perks=839105230,1885400500,3017780555,2890807135
dimwishlist:item=1411560894&perks=839105230,1885400500,3017780555,699525795
dimwishlist:item=1411560894&perks=839105230,1885400500,1428297954,3673922083
dimwishlist:item=1411560894&perks=839105230,1885400500,1428297954,2890807135
dimwishlist:item=1411560894&perks=839105230,1885400500,1428297954,699525795
dimwishlist:item=1411560894&perks=839105230,1561002382,1631667848,3673922083
dimwishlist:item=1411560894&perks=839105230,1561002382,1631667848,2890807135
dimwishlist:item=1411560894&perks=839105230,1561002382,1631667848,699525795
dimwishlist:item=1411560894&perks=839105230,1561002382,3017780555,3673922083
dimwishlist:item=1411560894&perks=839105230,1561002382,3017780555,2890807135
dimwishlist:item=1411560894&perks=839105230,1561002382,3017780555,699525795
dimwishlist:item=1411560894&perks=839105230,1561002382,1428297954,3673922083
dimwishlist:item=1411560894&perks=839105230,1561002382,1428297954,2890807135
dimwishlist:item=1411560894&perks=839105230,1561002382,1428297954,699525795
dimwishlist:item=1411560894&perks=839105230,3142289711,1631667848,3673922083
dimwishlist:item=1411560894&perks=839105230,3142289711,1631667848,2890807135
dimwishlist:item=1411560894&perks=839105230,3142289711,1631667848,699525795
dimwishlist:item=1411560894&perks=839105230,3142289711,3017780555,3673922083
dimwishlist:item=1411560894&perks=839105230,3142289711,3017780555,2890807135
dimwishlist:item=1411560894&perks=839105230,3142289711,3017780555,699525795
dimwishlist:item=1411560894&perks=839105230,3142289711,1428297954,3673922083
dimwishlist:item=1411560894&perks=839105230,3142289711,1428297954,2890807135
dimwishlist:item=1411560894&perks=839105230,3142289711,1428297954,699525795
dimwishlist:item=1411560894&perks=3250034553,1885400500,1631667848,3673922083
dimwishlist:item=1411560894&perks=3250034553,1885400500,1631667848,2890807135
dimwishlist:item=1411560894&perks=3250034553,1885400500,1631667848,699525795
dimwishlist:item=1411560894&perks=3250034553,1885400500,3017780555,3673922083
dimwishlist:item=1411560894&perks=3250034553,1885400500,3017780555,2890807135
dimwishlist:item=1411560894&perks=3250034553,1885400500,3017780555,699525795
dimwishlist:item=1411560894&perks=3250034553,1885400500,1428297954,3673922083
dimwishlist:item=1411560894&perks=3250034553,1885400500,1428297954,2890807135
dimwishlist:item=1411560894&perks=3250034553,1885400500,1428297954,699525795
dimwishlist:item=1411560894&perks=3250034553,1561002382,1631667848,3673922083
dimwishlist:item=1411560894&perks=3250034553,1561002382,1631667848,2890807135
dimwishlist:item=1411560894&perks=3250034553,1561002382,1631667848,699525795
dimwishlist:item=1411560894&perks=3250034553,1561002382,3017780555,3673922083
dimwishlist:item=1411560894&perks=3250034553,1561002382,3017780555,2890807135
dimwishlist:item=1411560894&perks=3250034553,1561002382,3017780555,699525795
dimwishlist:item=1411560894&perks=3250034553,1561002382,1428297954,3673922083
dimwishlist:item=1411560894&perks=3250034553,1561002382,1428297954,2890807135
dimwishlist:item=1411560894&perks=3250034553,1561002382,1428297954,699525795
dimwishlist:item=1411560894&perks=3250034553,3142289711,1631667848,3673922083
dimwishlist:item=1411560894&perks=3250034553,3142289711,1631667848,2890807135
dimwishlist:item=1411560894&perks=3250034553,3142289711,1631667848,699525795
dimwishlist:item=1411560894&perks=3250034553,3142289711,3017780555,3673922083
dimwishlist:item=1411560894&perks=3250034553,3142289711,3017780555,2890807135
dimwishlist:item=1411560894&perks=3250034553,3142289711,3017780555,699525795
dimwishlist:item=1411560894&perks=3250034553,3142289711,1428297954,3673922083
dimwishlist:item=1411560894&perks=3250034553,3142289711,1428297954,2890807135
dimwishlist:item=1411560894&perks=3250034553,3142289711,1428297954,699525795
dimwishlist:item=1411560894&perks=4090651448,1885400500,1631667848,3673922083
dimwishlist:item=1411560894&perks=4090651448,1885400500,1631667848,2890807135
dimwishlist:item=1411560894&perks=4090651448,1885400500,1631667848,699525795
dimwishlist:item=1411560894&perks=4090651448,1885400500,3017780555,3673922083
dimwishlist:item=1411560894&perks=4090651448,1885400500,3017780555,2890807135
dimwishlist:item=1411560894&perks=4090651448,1885400500,3017780555,699525795
dimwishlist:item=1411560894&perks=4090651448,1885400500,1428297954,3673922083
dimwishlist:item=1411560894&perks=4090651448,1885400500,1428297954,2890807135
dimwishlist:item=1411560894&perks=4090651448,1885400500,1428297954,699525795
dimwishlist:item=1411560894&perks=4090651448,1561002382,1631667848,3673922083
dimwishlist:item=1411560894&perks=4090651448,1561002382,1631667848,2890807135
dimwishlist:item=1411560894&perks=4090651448,1561002382,1631667848,699525795
dimwishlist:item=1411560894&perks=4090651448,1561002382,3017780555,3673922083
dimwishlist:item=1411560894&perks=4090651448,1561002382,3017780555,2890807135
dimwishlist:item=1411560894&perks=4090651448,1561002382,3017780555,699525795
dimwishlist:item=1411560894&perks=4090651448,1561002382,1428297954,3673922083
dimwishlist:item=1411560894&perks=4090651448,1561002382,1428297954,2890807135
dimwishlist:item=1411560894&perks=4090651448,1561002382,1428297954,699525795
dimwishlist:item=1411560894&perks=4090651448,3142289711,1631667848,3673922083
dimwishlist:item=1411560894&perks=4090651448,3142289711,1631667848,2890807135
dimwishlist:item=1411560894&perks=4090651448,3142289711,1631667848,699525795
dimwishlist:item=1411560894&perks=4090651448,3142289711,3017780555,3673922083
dimwishlist:item=1411560894&perks=4090651448,3142289711,3017780555,2890807135
dimwishlist:item=1411560894&perks=4090651448,3142289711,3017780555,699525795
dimwishlist:item=1411560894&perks=4090651448,3142289711,1428297954,3673922083
dimwishlist:item=1411560894&perks=4090651448,3142289711,1428297954,2890807135
dimwishlist:item=1411560894&perks=4090651448,3142289711,1428297954,699525795


// Seraphine Haze ()
dimwishlist:item=1524387902&perks=839105230,3142289711,1359896290,243981275
dimwishlist:item=1524387902&perks=839105230,3142289711,1359896290,365154968
dimwishlist:item=1524387902&perks=839105230,3142289711,1359896290,2922950962
dimwishlist:item=1524387902&perks=839105230,3142289711,1359896290,1888882410
dimwishlist:item=1524387902&perks=839105230,3142289711,1866048759,243981275
dimwishlist:item=1524387902&perks=839105230,3142289711,1866048759,365154968
dimwishlist:item=1524387902&perks=839105230,3142289711,1866048759,2922950962
dimwishlist:item=1524387902&perks=839105230,3142289711,1866048759,1888882410
dimwishlist:item=1524387902&perks=839105230,3142289711,1955165503,243981275
dimwishlist:item=1524387902&perks=839105230,3142289711,1955165503,365154968
dimwishlist:item=1524387902&perks=839105230,3142289711,1955165503,2922950962
dimwishlist:item=1524387902&perks=839105230,3142289711,1955165503,1888882410
dimwishlist:item=1524387902&perks=839105230,3142289711,3523296417,243981275
dimwishlist:item=1524387902&perks=839105230,3142289711,3523296417,365154968
dimwishlist:item=1524387902&perks=839105230,3142289711,3523296417,2922950962
dimwishlist:item=1524387902&perks=839105230,3142289711,3523296417,1888882410
dimwishlist:item=1524387902&perks=839105230,1885400500,1359896290,243981275
dimwishlist:item=1524387902&perks=839105230,1885400500,1359896290,365154968
dimwishlist:item=1524387902&perks=839105230,1885400500,1359896290,2922950962
dimwishlist:item=1524387902&perks=839105230,1885400500,1359896290,1888882410
dimwishlist:item=1524387902&perks=839105230,1885400500,1866048759,243981275
dimwishlist:item=1524387902&perks=839105230,1885400500,1866048759,365154968
dimwishlist:item=1524387902&perks=839105230,1885400500,1866048759,2922950962
dimwishlist:item=1524387902&perks=839105230,1885400500,1866048759,1888882410
dimwishlist:item=1524387902&perks=839105230,1885400500,1955165503,243981275
dimwishlist:item=1524387902&perks=839105230,1885400500,1955165503,365154968
dimwishlist:item=1524387902&perks=839105230,1885400500,1955165503,2922950962
dimwishlist:item=1524387902&perks=839105230,1885400500,1955165503,1888882410
dimwishlist:item=1524387902&perks=839105230,1885400500,3523296417,243981275
dimwishlist:item=1524387902&perks=839105230,1885400500,3523296417,365154968
dimwishlist:item=1524387902&perks=839105230,1885400500,3523296417,2922950962
dimwishlist:item=1524387902&perks=839105230,1885400500,3523296417,1888882410
dimwishlist:item=1524387902&perks=839105230,1561002382,1359896290,243981275
dimwishlist:item=1524387902&perks=839105230,1561002382,1359896290,365154968
dimwishlist:item=1524387902&perks=839105230,1561002382,1359896290,2922950962
dimwishlist:item=1524387902&perks=839105230,1561002382,1359896290,1888882410
dimwishlist:item=1524387902&perks=839105230,1561002382,1866048759,243981275
dimwishlist:item=1524387902&perks=839105230,1561002382,1866048759,365154968
dimwishlist:item=1524387902&perks=839105230,1561002382,1866048759,2922950962
dimwishlist:item=1524387902&perks=839105230,1561002382,1866048759,1888882410
dimwishlist:item=1524387902&perks=839105230,1561002382,1955165503,243981275
dimwishlist:item=1524387902&perks=839105230,1561002382,1955165503,365154968
dimwishlist:item=1524387902&perks=839105230,1561002382,1955165503,2922950962
dimwishlist:item=1524387902&perks=839105230,1561002382,1955165503,1888882410
dimwishlist:item=1524387902&perks=839105230,1561002382,3523296417,243981275
dimwishlist:item=1524387902&perks=839105230,1561002382,3523296417,365154968
dimwishlist:item=1524387902&perks=839105230,1561002382,3523296417,2922950962
dimwishlist:item=1524387902&perks=839105230,1561002382,3523296417,1888882410
dimwishlist:item=1524387902&perks=839105230,679225683,1359896290,243981275
dimwishlist:item=1524387902&perks=839105230,679225683,1359896290,365154968
dimwishlist:item=1524387902&perks=839105230,679225683,1359896290,2922950962
dimwishlist:item=1524387902&perks=839105230,679225683,1359896290,1888882410
dimwishlist:item=1524387902&perks=839105230,679225683,1866048759,243981275
dimwishlist:item=1524387902&perks=839105230,679225683,1866048759,365154968
dimwishlist:item=1524387902&perks=839105230,679225683,1866048759,2922950962
dimwishlist:item=1524387902&perks=839105230,679225683,1866048759,1888882410
dimwishlist:item=1524387902&perks=839105230,679225683,1955165503,243981275
dimwishlist:item=1524387902&perks=839105230,679225683,1955165503,365154968
dimwishlist:item=1524387902&perks=839105230,679225683,1955165503,2922950962
dimwishlist:item=1524387902&perks=839105230,679225683,1955165503,1888882410
dimwishlist:item=1524387902&perks=839105230,679225683,3523296417,243981275
dimwishlist:item=1524387902&perks=839105230,679225683,3523296417,365154968
dimwishlist:item=1524387902&perks=839105230,679225683,3523296417,2922950962
dimwishlist:item=1524387902&perks=839105230,679225683,3523296417,1888882410
dimwishlist:item=1524387902&perks=1840239774,3142289711,1359896290,243981275
dimwishlist:item=1524387902&perks=1840239774,3142289711,1359896290,365154968
dimwishlist:item=1524387902&perks=1840239774,3142289711,1359896290,2922950962
dimwishlist:item=1524387902&perks=1840239774,3142289711,1359896290,1888882410
dimwishlist:item=1524387902&perks=1840239774,3142289711,1866048759,243981275
dimwishlist:item=1524387902&perks=1840239774,3142289711,1866048759,365154968
dimwishlist:item=1524387902&perks=1840239774,3142289711,1866048759,2922950962
dimwishlist:item=1524387902&perks=1840239774,3142289711,1866048759,1888882410
dimwishlist:item=1524387902&perks=1840239774,3142289711,1955165503,243981275
dimwishlist:item=1524387902&perks=1840239774,3142289711,1955165503,365154968
dimwishlist:item=1524387902&perks=1840239774,3142289711,1955165503,2922950962
dimwishlist:item=1524387902&perks=1840239774,3142289711,1955165503,1888882410
dimwishlist:item=1524387902&perks=1840239774,3142289711,3523296417,243981275
dimwishlist:item=1524387902&perks=1840239774,3142289711,3523296417,365154968
dimwishlist:item=1524387902&perks=1840239774,3142289711,3523296417,2922950962
dimwishlist:item=1524387902&perks=1840239774,3142289711,3523296417,1888882410
dimwishlist:item=1524387902&perks=1840239774,1885400500,1359896290,243981275
dimwishlist:item=1524387902&perks=1840239774,1885400500,1359896290,365154968
dimwishlist:item=1524387902&perks=1840239774,1885400500,1359896290,2922950962
dimwishlist:item=1524387902&perks=1840239774,1885400500,1359896290,1888882410
dimwishlist:item=1524387902&perks=1840239774,1885400500,1866048759,243981275
dimwishlist:item=1524387902&perks=1840239774,1885400500,1866048759,365154968
dimwishlist:item=1524387902&perks=1840239774,1885400500,1866048759,2922950962
dimwishlist:item=1524387902&perks=1840239774,1885400500,1866048759,1888882410
dimwishlist:item=1524387902&perks=1840239774,1885400500,1955165503,243981275
dimwishlist:item=1524387902&perks=1840239774,1885400500,1955165503,365154968
dimwishlist:item=1524387902&perks=1840239774,1885400500,1955165503,2922950962
dimwishlist:item=1524387902&perks=1840239774,1885400500,1955165503,1888882410
dimwishlist:item=1524387902&perks=1840239774,1885400500,3523296417,243981275
dimwishlist:item=1524387902&perks=1840239774,1885400500,3523296417,365154968
dimwishlist:item=1524387902&perks=1840239774,1885400500,3523296417,2922950962
dimwishlist:item=1524387902&perks=1840239774,1885400500,3523296417,1888882410
dimwishlist:item=1524387902&perks=1840239774,1561002382,1359896290,243981275
dimwishlist:item=1524387902&perks=1840239774,1561002382,1359896290,365154968
dimwishlist:item=1524387902&perks=1840239774,1561002382,1359896290,2922950962
dimwishlist:item=1524387902&perks=1840239774,1561002382,1359896290,1888882410
dimwishlist:item=1524387902&perks=1840239774,1561002382,1866048759,243981275
dimwishlist:item=1524387902&perks=1840239774,1561002382,1866048759,365154968
dimwishlist:item=1524387902&perks=1840239774,1561002382,1866048759,2922950962
dimwishlist:item=1524387902&perks=1840239774,1561002382,1866048759,1888882410
dimwishlist:item=1524387902&perks=1840239774,1561002382,1955165503,243981275
dimwishlist:item=1524387902&perks=1840239774,1561002382,1955165503,365154968
dimwishlist:item=1524387902&perks=1840239774,1561002382,1955165503,2922950962
dimwishlist:item=1524387902&perks=1840239774,1561002382,1955165503,1888882410
dimwishlist:item=1524387902&perks=1840239774,1561002382,3523296417,243981275
dimwishlist:item=1524387902&perks=1840239774,1561002382,3523296417,365154968
dimwishlist:item=1524387902&perks=1840239774,1561002382,3523296417,2922950962
dimwishlist:item=1524387902&perks=1840239774,1561002382,3523296417,1888882410
dimwishlist:item=1524387902&perks=1840239774,679225683,1359896290,243981275
dimwishlist:item=1524387902&perks=1840239774,679225683,1359896290,365154968
dimwishlist:item=1524387902&perks=1840239774,679225683,1359896290,2922950962
dimwishlist:item=1524387902&perks=1840239774,679225683,1359896290,1888882410
dimwishlist:item=1524387902&perks=1840239774,679225683,1866048759,243981275
dimwishlist:item=1524387902&perks=1840239774,679225683,1866048759,365154968
dimwishlist:item=1524387902&perks=1840239774,679225683,1866048759,2922950962
dimwishlist:item=1524387902&perks=1840239774,679225683,1866048759,1888882410
dimwishlist:item=1524387902&perks=1840239774,679225683,1955165503,243981275
dimwishlist:item=1524387902&perks=1840239774,679225683,1955165503,365154968
dimwishlist:item=1524387902&perks=1840239774,679225683,1955165503,2922950962
dimwishlist:item=1524387902&perks=1840239774,679225683,1955165503,1888882410
dimwishlist:item=1524387902&perks=1840239774,679225683,3523296417,243981275
dimwishlist:item=1524387902&perks=1840239774,679225683,3523296417,365154968
dimwishlist:item=1524387902&perks=1840239774,679225683,3523296417,2922950962
dimwishlist:item=1524387902&perks=1840239774,679225683,3523296417,1888882410


// Triple Laureate ()
dimwishlist:item=1605599021&perks=1332244541,3142289711,2846385770,47981717
dimwishlist:item=1605599021&perks=1332244541,3142289711,2846385770,2679249093
dimwishlist:item=1605599021&perks=1332244541,3142289711,2846385770,3640170453
dimwishlist:item=1605599021&perks=1332244541,3142289711,2846385770,2360754333
dimwishlist:item=1605599021&perks=1332244541,3142289711,1631667848,47981717
dimwishlist:item=1605599021&perks=1332244541,3142289711,1631667848,2679249093
dimwishlist:item=1605599021&perks=1332244541,3142289711,1631667848,3640170453
dimwishlist:item=1605599021&perks=1332244541,3142289711,1631667848,2360754333
dimwishlist:item=1605599021&perks=1332244541,3142289711,3161816588,47981717
dimwishlist:item=1605599021&perks=1332244541,3142289711,3161816588,2679249093
dimwishlist:item=1605599021&perks=1332244541,3142289711,3161816588,3640170453
dimwishlist:item=1605599021&perks=1332244541,3142289711,3161816588,2360754333
dimwishlist:item=1605599021&perks=1332244541,3230963543,2846385770,47981717
dimwishlist:item=1605599021&perks=1332244541,3230963543,2846385770,2679249093
dimwishlist:item=1605599021&perks=1332244541,3230963543,2846385770,3640170453
dimwishlist:item=1605599021&perks=1332244541,3230963543,2846385770,2360754333
dimwishlist:item=1605599021&perks=1332244541,3230963543,1631667848,47981717
dimwishlist:item=1605599021&perks=1332244541,3230963543,1631667848,2679249093
dimwishlist:item=1605599021&perks=1332244541,3230963543,1631667848,3640170453
dimwishlist:item=1605599021&perks=1332244541,3230963543,1631667848,2360754333
dimwishlist:item=1605599021&perks=1332244541,3230963543,3161816588,47981717
dimwishlist:item=1605599021&perks=1332244541,3230963543,3161816588,2679249093
dimwishlist:item=1605599021&perks=1332244541,3230963543,3161816588,3640170453
dimwishlist:item=1605599021&perks=1332244541,3230963543,3161816588,2360754333
dimwishlist:item=1605599021&perks=466087222,3142289711,2846385770,47981717
dimwishlist:item=1605599021&perks=466087222,3142289711,2846385770,2679249093
dimwishlist:item=1605599021&perks=466087222,3142289711,2846385770,3640170453
dimwishlist:item=1605599021&perks=466087222,3142289711,2846385770,2360754333
dimwishlist:item=1605599021&perks=466087222,3142289711,1631667848,47981717
dimwishlist:item=1605599021&perks=466087222,3142289711,1631667848,2679249093
dimwishlist:item=1605599021&perks=466087222,3142289711,1631667848,3640170453
dimwishlist:item=1605599021&perks=466087222,3142289711,1631667848,2360754333
dimwishlist:item=1605599021&perks=466087222,3142289711,3161816588,47981717
dimwishlist:item=1605599021&perks=466087222,3142289711,3161816588,2679249093
dimwishlist:item=1605599021&perks=466087222,3142289711,3161816588,3640170453
dimwishlist:item=1605599021&perks=466087222,3142289711,3161816588,2360754333
dimwishlist:item=1605599021&perks=466087222,3230963543,2846385770,47981717
dimwishlist:item=1605599021&perks=466087222,3230963543,2846385770,2679249093
dimwishlist:item=1605599021&perks=466087222,3230963543,2846385770,3640170453
dimwishlist:item=1605599021&perks=466087222,3230963543,2846385770,2360754333
dimwishlist:item=1605599021&perks=466087222,3230963543,1631667848,47981717
dimwishlist:item=1605599021&perks=466087222,3230963543,1631667848,2679249093
dimwishlist:item=1605599021&perks=466087222,3230963543,1631667848,3640170453
dimwishlist:item=1605599021&perks=466087222,3230963543,1631667848,2360754333
dimwishlist:item=1605599021&perks=466087222,3230963543,3161816588,47981717
dimwishlist:item=1605599021&perks=466087222,3230963543,3161816588,2679249093
dimwishlist:item=1605599021&perks=466087222,3230963543,3161816588,3640170453
dimwishlist:item=1605599021&perks=466087222,3230963543,3161816588,2360754333


// Synanceia ()
dimwishlist:item=1823308496&perks=3666208348,269888150,1749209109,3708227201
dimwishlist:item=1823308496&perks=3666208348,269888150,1749209109,2890807135
dimwishlist:item=1823308496&perks=3666208348,269888150,1749209109,2077819806
dimwishlist:item=1823308496&perks=3666208348,269888150,243981275,3708227201
dimwishlist:item=1823308496&perks=3666208348,269888150,243981275,2890807135
dimwishlist:item=1823308496&perks=3666208348,269888150,243981275,2077819806
dimwishlist:item=1823308496&perks=3666208348,269888150,4132187021,3708227201
dimwishlist:item=1823308496&perks=3666208348,269888150,4132187021,2890807135
dimwishlist:item=1823308496&perks=3666208348,269888150,4132187021,2077819806
dimwishlist:item=1823308496&perks=3666208348,52780822,1749209109,3708227201
dimwishlist:item=1823308496&perks=3666208348,52780822,1749209109,2890807135
dimwishlist:item=1823308496&perks=3666208348,52780822,1749209109,2077819806
dimwishlist:item=1823308496&perks=3666208348,52780822,243981275,3708227201
dimwishlist:item=1823308496&perks=3666208348,52780822,243981275,2890807135
dimwishlist:item=1823308496&perks=3666208348,52780822,243981275,2077819806
dimwishlist:item=1823308496&perks=3666208348,52780822,4132187021,3708227201
dimwishlist:item=1823308496&perks=3666208348,52780822,4132187021,2890807135
dimwishlist:item=1823308496&perks=3666208348,52780822,4132187021,2077819806


// Haliaetus ()
dimwishlist:item=2155534128&perks=3525010810,3796465595,1275731761,1439600632
dimwishlist:item=2155534128&perks=3525010810,3796465595,1275731761,113508675
dimwishlist:item=2155534128&perks=3525010810,3796465595,1275731761,3764420437
dimwishlist:item=2155534128&perks=3525010810,3796465595,1631667848,1439600632
dimwishlist:item=2155534128&perks=3525010810,3796465595,1631667848,113508675
dimwishlist:item=2155534128&perks=3525010810,3796465595,1631667848,3764420437
dimwishlist:item=2155534128&perks=3525010810,3796465595,3300816228,1439600632
dimwishlist:item=2155534128&perks=3525010810,3796465595,3300816228,113508675
dimwishlist:item=2155534128&perks=3525010810,3796465595,3300816228,3764420437
dimwishlist:item=2155534128&perks=3525010810,2822142346,1275731761,1439600632
dimwishlist:item=2155534128&perks=3525010810,2822142346,1275731761,113508675
dimwishlist:item=2155534128&perks=3525010810,2822142346,1275731761,3764420437
dimwishlist:item=2155534128&perks=3525010810,2822142346,1631667848,1439600632
dimwishlist:item=2155534128&perks=3525010810,2822142346,1631667848,113508675
dimwishlist:item=2155534128&perks=3525010810,2822142346,1631667848,3764420437
dimwishlist:item=2155534128&perks=3525010810,2822142346,3300816228,1439600632
dimwishlist:item=2155534128&perks=3525010810,2822142346,3300816228,113508675
dimwishlist:item=2155534128&perks=3525010810,2822142346,3300816228,3764420437
dimwishlist:item=2155534128&perks=1478423395,3796465595,1275731761,1439600632
dimwishlist:item=2155534128&perks=1478423395,3796465595,1275731761,113508675
dimwishlist:item=2155534128&perks=1478423395,3796465595,1275731761,3764420437
dimwishlist:item=2155534128&perks=1478423395,3796465595,1631667848,1439600632
dimwishlist:item=2155534128&perks=1478423395,3796465595,1631667848,113508675
dimwishlist:item=2155534128&perks=1478423395,3796465595,1631667848,3764420437
dimwishlist:item=2155534128&perks=1478423395,3796465595,3300816228,1439600632
dimwishlist:item=2155534128&perks=1478423395,3796465595,3300816228,113508675
dimwishlist:item=2155534128&perks=1478423395,3796465595,3300816228,3764420437
dimwishlist:item=2155534128&perks=1478423395,2822142346,1275731761,1439600632
dimwishlist:item=2155534128&perks=1478423395,2822142346,1275731761,113508675
dimwishlist:item=2155534128&perks=1478423395,2822142346,1275731761,3764420437
dimwishlist:item=2155534128&perks=1478423395,2822142346,1631667848,1439600632
dimwishlist:item=2155534128&perks=1478423395,2822142346,1631667848,113508675
dimwishlist:item=2155534128&perks=1478423395,2822142346,1631667848,3764420437
dimwishlist:item=2155534128&perks=1478423395,2822142346,3300816228,1439600632
dimwishlist:item=2155534128&perks=1478423395,2822142346,3300816228,113508675
dimwishlist:item=2155534128&perks=1478423395,2822142346,3300816228,3764420437


// The Beacon ()
dimwishlist:item=2161618499&perks=839105230,689005463,3987942396,2594592626
dimwishlist:item=2161618499&perks=839105230,689005463,3987942396,3078487919
dimwishlist:item=2161618499&perks=839105230,689005463,3987942396,2890807135
dimwishlist:item=2161618499&perks=839105230,689005463,3418782618,2594592626
dimwishlist:item=2161618499&perks=839105230,689005463,3418782618,3078487919
dimwishlist:item=2161618499&perks=839105230,689005463,3418782618,2890807135
dimwishlist:item=2161618499&perks=839105230,689005463,3643424744,2594592626
dimwishlist:item=2161618499&perks=839105230,689005463,3643424744,3078487919
dimwishlist:item=2161618499&perks=839105230,689005463,3643424744,2890807135
dimwishlist:item=2161618499&perks=839105230,689005463,1556840489,2594592626
dimwishlist:item=2161618499&perks=839105230,689005463,1556840489,3078487919
dimwishlist:item=2161618499&perks=839105230,689005463,1556840489,2890807135
dimwishlist:item=2161618499&perks=839105230,1687452232,3987942396,2594592626
dimwishlist:item=2161618499&perks=839105230,1687452232,3987942396,3078487919
dimwishlist:item=2161618499&perks=839105230,1687452232,3987942396,2890807135
dimwishlist:item=2161618499&perks=839105230,1687452232,3418782618,2594592626
dimwishlist:item=2161618499&perks=839105230,1687452232,3418782618,3078487919
dimwishlist:item=2161618499&perks=839105230,1687452232,3418782618,2890807135
dimwishlist:item=2161618499&perks=839105230,1687452232,3643424744,2594592626
dimwishlist:item=2161618499&perks=839105230,1687452232,3643424744,3078487919
dimwishlist:item=2161618499&perks=839105230,1687452232,3643424744,2890807135
dimwishlist:item=2161618499&perks=839105230,1687452232,1556840489,2594592626
dimwishlist:item=2161618499&perks=839105230,1687452232,1556840489,3078487919
dimwishlist:item=2161618499&perks=839105230,1687452232,1556840489,2890807135
dimwishlist:item=2161618499&perks=1840239774,689005463,3987942396,2594592626
dimwishlist:item=2161618499&perks=1840239774,689005463,3987942396,3078487919
dimwishlist:item=2161618499&perks=1840239774,689005463,3987942396,2890807135
dimwishlist:item=2161618499&perks=1840239774,689005463,3418782618,2594592626
dimwishlist:item=2161618499&perks=1840239774,689005463,3418782618,3078487919
dimwishlist:item=2161618499&perks=1840239774,689005463,3418782618,2890807135
dimwishlist:item=2161618499&perks=1840239774,689005463,3643424744,2594592626
dimwishlist:item=2161618499&perks=1840239774,689005463,3643424744,3078487919
dimwishlist:item=2161618499&perks=1840239774,689005463,3643424744,2890807135
dimwishlist:item=2161618499&perks=1840239774,689005463,1556840489,2594592626
dimwishlist:item=2161618499&perks=1840239774,689005463,1556840489,3078487919
dimwishlist:item=2161618499&perks=1840239774,689005463,1556840489,2890807135
dimwishlist:item=2161618499&perks=1840239774,1687452232,3987942396,2594592626
dimwishlist:item=2161618499&perks=1840239774,1687452232,3987942396,3078487919
dimwishlist:item=2161618499&perks=1840239774,1687452232,3987942396,2890807135
dimwishlist:item=2161618499&perks=1840239774,1687452232,3418782618,2594592626
dimwishlist:item=2161618499&perks=1840239774,1687452232,3418782618,3078487919
dimwishlist:item=2161618499&perks=1840239774,1687452232,3418782618,2890807135
dimwishlist:item=2161618499&perks=1840239774,1687452232,3643424744,2594592626
dimwishlist:item=2161618499&perks=1840239774,1687452232,3643424744,3078487919
dimwishlist:item=2161618499&perks=1840239774,1687452232,3643424744,2890807135
dimwishlist:item=2161618499&perks=1840239774,1687452232,1556840489,2594592626
dimwishlist:item=2161618499&perks=1840239774,1687452232,1556840489,3078487919
dimwishlist:item=2161618499&perks=1840239774,1687452232,1556840489,2890807135


// Eighty-Six ()
dimwishlist:item=2344383760&perks=3666208348,269888150,923806249,1089671869
dimwishlist:item=2344383760&perks=3666208348,269888150,923806249,243981275
dimwishlist:item=2344383760&perks=3666208348,269888150,923806249,3201496230
dimwishlist:item=2344383760&perks=3666208348,269888150,1749209109,1089671869
dimwishlist:item=2344383760&perks=3666208348,269888150,1749209109,243981275
dimwishlist:item=2344383760&perks=3666208348,269888150,1749209109,3201496230
dimwishlist:item=2344383760&perks=3666208348,269888150,4132187021,1089671869
dimwishlist:item=2344383760&perks=3666208348,269888150,4132187021,243981275
dimwishlist:item=2344383760&perks=3666208348,269888150,4132187021,3201496230
dimwishlist:item=2344383760&perks=3666208348,52780822,923806249,1089671869
dimwishlist:item=2344383760&perks=3666208348,52780822,923806249,243981275
dimwishlist:item=2344383760&perks=3666208348,52780822,923806249,3201496230
dimwishlist:item=2344383760&perks=3666208348,52780822,1749209109,1089671869
dimwishlist:item=2344383760&perks=3666208348,52780822,1749209109,243981275
dimwishlist:item=2344383760&perks=3666208348,52780822,1749209109,3201496230
dimwishlist:item=2344383760&perks=3666208348,52780822,4132187021,1089671869
dimwishlist:item=2344383760&perks=3666208348,52780822,4132187021,243981275
dimwishlist:item=2344383760&perks=3666208348,52780822,4132187021,3201496230


// Keraunios ()
dimwishlist:item=2386208942&perks=1840239774,2749775325,3418782618,3966416502
dimwishlist:item=2386208942&perks=1840239774,2749775325,3418782618,4198902903
dimwishlist:item=2386208942&perks=1840239774,2749775325,3418782618,557221067
dimwishlist:item=2386208942&perks=1840239774,2749775325,3700496672,3966416502
dimwishlist:item=2386208942&perks=1840239774,2749775325,3700496672,4198902903
dimwishlist:item=2386208942&perks=1840239774,2749775325,3700496672,557221067
dimwishlist:item=2386208942&perks=1840239774,2749775325,3643424744,3966416502
dimwishlist:item=2386208942&perks=1840239774,2749775325,3643424744,4198902903
dimwishlist:item=2386208942&perks=1840239774,2749775325,3643424744,557221067
dimwishlist:item=2386208942&perks=1840239774,732557052,3418782618,3966416502
dimwishlist:item=2386208942&perks=1840239774,732557052,3418782618,4198902903
dimwishlist:item=2386208942&perks=1840239774,732557052,3418782618,557221067
dimwishlist:item=2386208942&perks=1840239774,732557052,3700496672,3966416502
dimwishlist:item=2386208942&perks=1840239774,732557052,3700496672,4198902903
dimwishlist:item=2386208942&perks=1840239774,732557052,3700496672,557221067
dimwishlist:item=2386208942&perks=1840239774,732557052,3643424744,3966416502
dimwishlist:item=2386208942&perks=1840239774,732557052,3643424744,4198902903
dimwishlist:item=2386208942&perks=1840239774,732557052,3643424744,557221067
dimwishlist:item=2386208942&perks=839105230,2749775325,3418782618,3966416502
dimwishlist:item=2386208942&perks=839105230,2749775325,3418782618,4198902903
dimwishlist:item=2386208942&perks=839105230,2749775325,3418782618,557221067
dimwishlist:item=2386208942&perks=839105230,2749775325,3700496672,3966416502
dimwishlist:item=2386208942&perks=839105230,2749775325,3700496672,4198902903
dimwishlist:item=2386208942&perks=839105230,2749775325,3700496672,557221067
dimwishlist:item=2386208942&perks=839105230,2749775325,3643424744,3966416502
dimwishlist:item=2386208942&perks=839105230,2749775325,3643424744,4198902903
dimwishlist:item=2386208942&perks=839105230,2749775325,3643424744,557221067
dimwishlist:item=2386208942&perks=839105230,732557052,3418782618,3966416502
dimwishlist:item=2386208942&perks=839105230,732557052,3418782618,4198902903
dimwishlist:item=2386208942&perks=839105230,732557052,3418782618,557221067
dimwishlist:item=2386208942&perks=839105230,732557052,3700496672,3966416502
dimwishlist:item=2386208942&perks=839105230,732557052,3700496672,4198902903
dimwishlist:item=2386208942&perks=839105230,732557052,3700496672,557221067
dimwishlist:item=2386208942&perks=839105230,732557052,3643424744,3966416502
dimwishlist:item=2386208942&perks=839105230,732557052,3643424744,4198902903
dimwishlist:item=2386208942&perks=839105230,732557052,3643424744,557221067


// Lionfish-4fr ()
dimwishlist:item=2423071981&perks=839105230,689005463,1523832109,2978966579
dimwishlist:item=2423071981&perks=839105230,689005463,1523832109,2594592626
dimwishlist:item=2423071981&perks=839105230,689005463,1523832109,1089671869
dimwishlist:item=2423071981&perks=839105230,689005463,1556840489,2978966579
dimwishlist:item=2423071981&perks=839105230,689005463,1556840489,2594592626
dimwishlist:item=2423071981&perks=839105230,689005463,1556840489,1089671869
dimwishlist:item=2423071981&perks=839105230,1687452232,1523832109,2978966579
dimwishlist:item=2423071981&perks=839105230,1687452232,1523832109,2594592626
dimwishlist:item=2423071981&perks=839105230,1687452232,1523832109,1089671869
dimwishlist:item=2423071981&perks=839105230,1687452232,1556840489,2978966579
dimwishlist:item=2423071981&perks=839105230,1687452232,1556840489,2594592626
dimwishlist:item=2423071981&perks=839105230,1687452232,1556840489,1089671869
dimwishlist:item=2423071981&perks=1840239774,689005463,1523832109,2978966579
dimwishlist:item=2423071981&perks=1840239774,689005463,1523832109,2594592626
dimwishlist:item=2423071981&perks=1840239774,689005463,1523832109,1089671869
dimwishlist:item=2423071981&perks=1840239774,689005463,1556840489,2978966579
dimwishlist:item=2423071981&perks=1840239774,689005463,1556840489,2594592626
dimwishlist:item=2423071981&perks=1840239774,689005463,1556840489,1089671869
dimwishlist:item=2423071981&perks=1840239774,1687452232,1523832109,2978966579
dimwishlist:item=2423071981&perks=1840239774,1687452232,1523832109,2594592626
dimwishlist:item=2423071981&perks=1840239774,1687452232,1523832109,1089671869
dimwishlist:item=2423071981&perks=1840239774,1687452232,1556840489,2978966579
dimwishlist:item=2423071981&perks=1840239774,1687452232,1556840489,2594592626
dimwishlist:item=2423071981&perks=1840239774,1687452232,1556840489,1089671869


// Hullabaloo ()
dimwishlist:item=2449096504&perks=373417387,2108812838,2817499044,859780267
dimwishlist:item=2449096504&perks=373417387,2108812838,2817499044,331667533
dimwishlist:item=2449096504&perks=373417387,2108812838,2817499044,598607952
dimwishlist:item=2449096504&perks=373417387,2108812838,424370782,859780267
dimwishlist:item=2449096504&perks=373417387,2108812838,424370782,331667533
dimwishlist:item=2449096504&perks=373417387,2108812838,424370782,598607952
dimwishlist:item=2449096504&perks=373417387,2108812838,3878366039,859780267
dimwishlist:item=2449096504&perks=373417387,2108812838,3878366039,331667533
dimwishlist:item=2449096504&perks=373417387,2108812838,3878366039,598607952
dimwishlist:item=2449096504&perks=3250572790,2108812838,2817499044,859780267
dimwishlist:item=2449096504&perks=3250572790,2108812838,2817499044,331667533
dimwishlist:item=2449096504&perks=3250572790,2108812838,2817499044,598607952
dimwishlist:item=2449096504&perks=3250572790,2108812838,424370782,859780267
dimwishlist:item=2449096504&perks=3250572790,2108812838,424370782,331667533
dimwishlist:item=2449096504&perks=3250572790,2108812838,424370782,598607952
dimwishlist:item=2449096504&perks=3250572790,2108812838,3878366039,859780267
dimwishlist:item=2449096504&perks=3250572790,2108812838,3878366039,331667533
dimwishlist:item=2449096504&perks=3250572790,2108812838,3878366039,598607952


// Folded Root ()
dimwishlist:item=2725894221&perks=3525010810,3796465595,1421772400,1439600632
dimwishlist:item=2725894221&perks=3525010810,3796465595,1421772400,2396489472
dimwishlist:item=2725894221&perks=3525010810,3796465595,1421772400,3927722942
dimwishlist:item=2725894221&perks=3525010810,3796465595,1275731761,1439600632
dimwishlist:item=2725894221&perks=3525010810,3796465595,1275731761,2396489472
dimwishlist:item=2725894221&perks=3525010810,3796465595,1275731761,3927722942
dimwishlist:item=2725894221&perks=3525010810,3796465595,2010801679,1439600632
dimwishlist:item=2725894221&perks=3525010810,3796465595,2010801679,2396489472
dimwishlist:item=2725894221&perks=3525010810,3796465595,2010801679,3927722942
dimwishlist:item=2725894221&perks=3525010810,2985827016,1421772400,1439600632
dimwishlist:item=2725894221&perks=3525010810,2985827016,1421772400,2396489472
dimwishlist:item=2725894221&perks=3525010810,2985827016,1421772400,3927722942
dimwishlist:item=2725894221&perks=3525010810,2985827016,1275731761,1439600632
dimwishlist:item=2725894221&perks=3525010810,2985827016,1275731761,2396489472
dimwishlist:item=2725894221&perks=3525010810,2985827016,1275731761,3927722942
dimwishlist:item=2725894221&perks=3525010810,2985827016,2010801679,1439600632
dimwishlist:item=2725894221&perks=3525010810,2985827016,2010801679,2396489472
dimwishlist:item=2725894221&perks=3525010810,2985827016,2010801679,3927722942


// Phoneutria Fera ()
dimwishlist:item=3496887154&perks=1332244541,3142289711,4071163871,4293542123
dimwishlist:item=3496887154&perks=1332244541,3142289711,4071163871,2679249093
dimwishlist:item=3496887154&perks=1332244541,3142289711,4071163871,3708227201
dimwishlist:item=3496887154&perks=1332244541,3142289711,4071163871,1546142478
dimwishlist:item=3496887154&perks=1332244541,3142289711,3161816588,4293542123
dimwishlist:item=3496887154&perks=1332244541,3142289711,3161816588,2679249093
dimwishlist:item=3496887154&perks=1332244541,3142289711,3161816588,3708227201
dimwishlist:item=3496887154&perks=1332244541,3142289711,3161816588,1546142478
dimwishlist:item=3496887154&perks=1332244541,3142289711,1126264488,4293542123
dimwishlist:item=3496887154&perks=1332244541,3142289711,1126264488,2679249093
dimwishlist:item=3496887154&perks=1332244541,3142289711,1126264488,3708227201
dimwishlist:item=3496887154&perks=1332244541,3142289711,1126264488,1546142478
dimwishlist:item=3496887154&perks=1332244541,1885400500,4071163871,4293542123
dimwishlist:item=3496887154&perks=1332244541,1885400500,4071163871,2679249093
dimwishlist:item=3496887154&perks=1332244541,1885400500,4071163871,3708227201
dimwishlist:item=3496887154&perks=1332244541,1885400500,4071163871,1546142478
dimwishlist:item=3496887154&perks=1332244541,1885400500,3161816588,4293542123
dimwishlist:item=3496887154&perks=1332244541,1885400500,3161816588,2679249093
dimwishlist:item=3496887154&perks=1332244541,1885400500,3161816588,3708227201
dimwishlist:item=3496887154&perks=1332244541,1885400500,3161816588,1546142478
dimwishlist:item=3496887154&perks=1332244541,1885400500,1126264488,4293542123
dimwishlist:item=3496887154&perks=1332244541,1885400500,1126264488,2679249093
dimwishlist:item=3496887154&perks=1332244541,1885400500,1126264488,3708227201
dimwishlist:item=3496887154&perks=1332244541,1885400500,1126264488,1546142478
dimwishlist:item=3496887154&perks=1332244541,3230963543,4071163871,4293542123
dimwishlist:item=3496887154&perks=1332244541,3230963543,4071163871,2679249093
dimwishlist:item=3496887154&perks=1332244541,3230963543,4071163871,3708227201
dimwishlist:item=3496887154&perks=1332244541,3230963543,4071163871,1546142478
dimwishlist:item=3496887154&perks=1332244541,3230963543,3161816588,4293542123
dimwishlist:item=3496887154&perks=1332244541,3230963543,3161816588,2679249093
dimwishlist:item=3496887154&perks=1332244541,3230963543,3161816588,3708227201
dimwishlist:item=3496887154&perks=1332244541,3230963543,3161816588,1546142478
dimwishlist:item=3496887154&perks=1332244541,3230963543,1126264488,4293542123
dimwishlist:item=3496887154&perks=1332244541,3230963543,1126264488,2679249093
dimwishlist:item=3496887154&perks=1332244541,3230963543,1126264488,3708227201
dimwishlist:item=3496887154&perks=1332244541,3230963543,1126264488,1546142478
dimwishlist:item=3496887154&perks=839105230,3142289711,4071163871,4293542123
dimwishlist:item=3496887154&perks=839105230,3142289711,4071163871,2679249093
dimwishlist:item=3496887154&perks=839105230,3142289711,4071163871,3708227201
dimwishlist:item=3496887154&perks=839105230,3142289711,4071163871,1546142478
dimwishlist:item=3496887154&perks=839105230,3142289711,3161816588,4293542123
dimwishlist:item=3496887154&perks=839105230,3142289711,3161816588,2679249093
dimwishlist:item=3496887154&perks=839105230,3142289711,3161816588,3708227201
dimwishlist:item=3496887154&perks=839105230,3142289711,3161816588,1546142478
dimwishlist:item=3496887154&perks=839105230,3142289711,1126264488,4293542123
dimwishlist:item=3496887154&perks=839105230,3142289711,1126264488,2679249093
dimwishlist:item=3496887154&perks=839105230,3142289711,1126264488,3708227201
dimwishlist:item=3496887154&perks=839105230,3142289711,1126264488,1546142478
dimwishlist:item=3496887154&perks=839105230,1885400500,4071163871,4293542123
dimwishlist:item=3496887154&perks=839105230,1885400500,4071163871,2679249093
dimwishlist:item=3496887154&perks=839105230,1885400500,4071163871,3708227201
dimwishlist:item=3496887154&perks=839105230,1885400500,4071163871,1546142478
dimwishlist:item=3496887154&perks=839105230,1885400500,3161816588,4293542123
dimwishlist:item=3496887154&perks=839105230,1885400500,3161816588,2679249093
dimwishlist:item=3496887154&perks=839105230,1885400500,3161816588,3708227201
dimwishlist:item=3496887154&perks=839105230,1885400500,3161816588,1546142478
dimwishlist:item=3496887154&perks=839105230,1885400500,1126264488,4293542123
dimwishlist:item=3496887154&perks=839105230,1885400500,1126264488,2679249093
dimwishlist:item=3496887154&perks=839105230,1885400500,1126264488,3708227201
dimwishlist:item=3496887154&perks=839105230,1885400500,1126264488,1546142478
dimwishlist:item=3496887154&perks=839105230,3230963543,4071163871,4293542123
dimwishlist:item=3496887154&perks=839105230,3230963543,4071163871,2679249093
dimwishlist:item=3496887154&perks=839105230,3230963543,4071163871,3708227201
dimwishlist:item=3496887154&perks=839105230,3230963543,4071163871,1546142478
dimwishlist:item=3496887154&perks=839105230,3230963543,3161816588,4293542123
dimwishlist:item=3496887154&perks=839105230,3230963543,3161816588,2679249093
dimwishlist:item=3496887154&perks=839105230,3230963543,3161816588,3708227201
dimwishlist:item=3496887154&perks=839105230,3230963543,3161816588,1546142478
dimwishlist:item=3496887154&perks=839105230,3230963543,1126264488,4293542123
dimwishlist:item=3496887154&perks=839105230,3230963543,1126264488,2679249093
dimwishlist:item=3496887154&perks=839105230,3230963543,1126264488,3708227201
dimwishlist:item=3496887154&perks=839105230,3230963543,1126264488,1546142478
dimwishlist:item=3496887154&perks=3250034553,3142289711,4071163871,4293542123
dimwishlist:item=3496887154&perks=3250034553,3142289711,4071163871,2679249093
dimwishlist:item=3496887154&perks=3250034553,3142289711,4071163871,3708227201
dimwishlist:item=3496887154&perks=3250034553,3142289711,4071163871,1546142478
dimwishlist:item=3496887154&perks=3250034553,3142289711,3161816588,4293542123
dimwishlist:item=3496887154&perks=3250034553,3142289711,3161816588,2679249093
dimwishlist:item=3496887154&perks=3250034553,3142289711,3161816588,3708227201
dimwishlist:item=3496887154&perks=3250034553,3142289711,3161816588,1546142478
dimwishlist:item=3496887154&perks=3250034553,3142289711,1126264488,4293542123
dimwishlist:item=3496887154&perks=3250034553,3142289711,1126264488,2679249093
dimwishlist:item=3496887154&perks=3250034553,3142289711,1126264488,3708227201
dimwishlist:item=3496887154&perks=3250034553,3142289711,1126264488,1546142478
dimwishlist:item=3496887154&perks=3250034553,1885400500,4071163871,4293542123
dimwishlist:item=3496887154&perks=3250034553,1885400500,4071163871,2679249093
dimwishlist:item=3496887154&perks=3250034553,1885400500,4071163871,3708227201
dimwishlist:item=3496887154&perks=3250034553,1885400500,4071163871,1546142478
dimwishlist:item=3496887154&perks=3250034553,1885400500,3161816588,4293542123
dimwishlist:item=3496887154&perks=3250034553,1885400500,3161816588,2679249093
dimwishlist:item=3496887154&perks=3250034553,1885400500,3161816588,3708227201
dimwishlist:item=3496887154&perks=3250034553,1885400500,3161816588,1546142478
dimwishlist:item=3496887154&perks=3250034553,1885400500,1126264488,4293542123
dimwishlist:item=3496887154&perks=3250034553,1885400500,1126264488,2679249093
dimwishlist:item=3496887154&perks=3250034553,1885400500,1126264488,3708227201
dimwishlist:item=3496887154&perks=3250034553,1885400500,1126264488,1546142478
dimwishlist:item=3496887154&perks=3250034553,3230963543,4071163871,4293542123
dimwishlist:item=3496887154&perks=3250034553,3230963543,4071163871,2679249093
dimwishlist:item=3496887154&perks=3250034553,3230963543,4071163871,3708227201
dimwishlist:item=3496887154&perks=3250034553,3230963543,4071163871,1546142478
dimwishlist:item=3496887154&perks=3250034553,3230963543,3161816588,4293542123
dimwishlist:item=3496887154&perks=3250034553,3230963543,3161816588,2679249093
dimwishlist:item=3496887154&perks=3250034553,3230963543,3161816588,3708227201
dimwishlist:item=3496887154&perks=3250034553,3230963543,3161816588,1546142478
dimwishlist:item=3496887154&perks=3250034553,3230963543,1126264488,4293542123
dimwishlist:item=3496887154&perks=3250034553,3230963543,1126264488,2679249093
dimwishlist:item=3496887154&perks=3250034553,3230963543,1126264488,3708227201
dimwishlist:item=3496887154&perks=3250034553,3230963543,1126264488,1546142478
dimwishlist:item=3496887154&perks=1840239774,3142289711,4071163871,4293542123
dimwishlist:item=3496887154&perks=1840239774,3142289711,4071163871,2679249093
dimwishlist:item=3496887154&perks=1840239774,3142289711,4071163871,3708227201
dimwishlist:item=3496887154&perks=1840239774,3142289711,4071163871,1546142478
dimwishlist:item=3496887154&perks=1840239774,3142289711,3161816588,4293542123
dimwishlist:item=3496887154&perks=1840239774,3142289711,3161816588,2679249093
dimwishlist:item=3496887154&perks=1840239774,3142289711,3161816588,3708227201
dimwishlist:item=3496887154&perks=1840239774,3142289711,3161816588,1546142478
dimwishlist:item=3496887154&perks=1840239774,3142289711,1126264488,4293542123
dimwishlist:item=3496887154&perks=1840239774,3142289711,1126264488,2679249093
dimwishlist:item=3496887154&perks=1840239774,3142289711,1126264488,3708227201
dimwishlist:item=3496887154&perks=1840239774,3142289711,1126264488,1546142478
dimwishlist:item=3496887154&perks=1840239774,1885400500,4071163871,4293542123
dimwishlist:item=3496887154&perks=1840239774,1885400500,4071163871,2679249093
dimwishlist:item=3496887154&perks=1840239774,1885400500,4071163871,3708227201
dimwishlist:item=3496887154&perks=1840239774,1885400500,4071163871,1546142478
dimwishlist:item=3496887154&perks=1840239774,1885400500,3161816588,4293542123
dimwishlist:item=3496887154&perks=1840239774,1885400500,3161816588,2679249093
dimwishlist:item=3496887154&perks=1840239774,1885400500,3161816588,3708227201
dimwishlist:item=3496887154&perks=1840239774,1885400500,3161816588,1546142478
dimwishlist:item=3496887154&perks=1840239774,1885400500,1126264488,4293542123
dimwishlist:item=3496887154&perks=1840239774,1885400500,1126264488,2679249093
dimwishlist:item=3496887154&perks=1840239774,1885400500,1126264488,3708227201
dimwishlist:item=3496887154&perks=1840239774,1885400500,1126264488,1546142478
dimwishlist:item=3496887154&perks=1840239774,3230963543,4071163871,4293542123
dimwishlist:item=3496887154&perks=1840239774,3230963543,4071163871,2679249093
dimwishlist:item=3496887154&perks=1840239774,3230963543,4071163871,3708227201
dimwishlist:item=3496887154&perks=1840239774,3230963543,4071163871,1546142478
dimwishlist:item=3496887154&perks=1840239774,3230963543,3161816588,4293542123
dimwishlist:item=3496887154&perks=1840239774,3230963543,3161816588,2679249093
dimwishlist:item=3496887154&perks=1840239774,3230963543,3161816588,3708227201
dimwishlist:item=3496887154&perks=1840239774,3230963543,3161816588,1546142478
dimwishlist:item=3496887154&perks=1840239774,3230963543,1126264488,4293542123
dimwishlist:item=3496887154&perks=1840239774,3230963543,1126264488,2679249093
dimwishlist:item=3496887154&perks=1840239774,3230963543,1126264488,3708227201
dimwishlist:item=3496887154&perks=1840239774,3230963543,1126264488,1546142478


// Submersion ()
dimwishlist:item=3524386983&perks=1220787353,1202133695,3300816228,2978966579
dimwishlist:item=3524386983&perks=1220787353,1202133695,3300816228,3764420437
dimwishlist:item=3524386983&perks=1220787353,1202133695,3300816228,1771339417
dimwishlist:item=3524386983&perks=1220787353,1202133695,4042220767,2978966579
dimwishlist:item=3524386983&perks=1220787353,1202133695,4042220767,3764420437
dimwishlist:item=3524386983&perks=1220787353,1202133695,4042220767,1771339417
dimwishlist:item=3524386983&perks=1220787353,1202133695,2621346526,2978966579
dimwishlist:item=3524386983&perks=1220787353,1202133695,2621346526,3764420437
dimwishlist:item=3524386983&perks=1220787353,1202133695,2621346526,1771339417
dimwishlist:item=3524386983&perks=1220787353,1069117426,3300816228,2978966579
dimwishlist:item=3524386983&perks=1220787353,1069117426,3300816228,3764420437
dimwishlist:item=3524386983&perks=1220787353,1069117426,3300816228,1771339417
dimwishlist:item=3524386983&perks=1220787353,1069117426,4042220767,2978966579
dimwishlist:item=3524386983&perks=1220787353,1069117426,4042220767,3764420437
dimwishlist:item=3524386983&perks=1220787353,1069117426,4042220767,1771339417
dimwishlist:item=3524386983&perks=1220787353,1069117426,2621346526,2978966579
dimwishlist:item=3524386983&perks=1220787353,1069117426,2621346526,3764420437
dimwishlist:item=3524386983&perks=1220787353,1069117426,2621346526,1771339417
dimwishlist:item=3524386983&perks=1220787353,2955427634,3300816228,2978966579
dimwishlist:item=3524386983&perks=1220787353,2955427634,3300816228,3764420437
dimwishlist:item=3524386983&perks=1220787353,2955427634,3300816228,1771339417
dimwishlist:item=3524386983&perks=1220787353,2955427634,4042220767,2978966579
dimwishlist:item=3524386983&perks=1220787353,2955427634,4042220767,3764420437
dimwishlist:item=3524386983&perks=1220787353,2955427634,4042220767,1771339417
dimwishlist:item=3524386983&perks=1220787353,2955427634,2621346526,2978966579
dimwishlist:item=3524386983&perks=1220787353,2955427634,2621346526,3764420437
dimwishlist:item=3524386983&perks=1220787353,2955427634,2621346526,1771339417


// Ribbontail ()
dimwishlist:item=3576134513&perks=1840239774,732557052,4071163871,3708227201
dimwishlist:item=3576134513&perks=1840239774,732557052,4071163871,4198902903
dimwishlist:item=3576134513&perks=1840239774,732557052,4071163871,960997401
dimwishlist:item=3576134513&perks=1840239774,732557052,4071163871,557221067
dimwishlist:item=3576134513&perks=1840239774,732557052,3987942396,3708227201
dimwishlist:item=3576134513&perks=1840239774,732557052,3987942396,4198902903
dimwishlist:item=3576134513&perks=1840239774,732557052,3987942396,960997401
dimwishlist:item=3576134513&perks=1840239774,732557052,3987942396,557221067
dimwishlist:item=3576134513&perks=1840239774,732557052,4190679284,3708227201
dimwishlist:item=3576134513&perks=1840239774,732557052,4190679284,4198902903
dimwishlist:item=3576134513&perks=1840239774,732557052,4190679284,960997401
dimwishlist:item=3576134513&perks=1840239774,732557052,4190679284,557221067
dimwishlist:item=3576134513&perks=1840239774,2749775325,4071163871,3708227201
dimwishlist:item=3576134513&perks=1840239774,2749775325,4071163871,4198902903
dimwishlist:item=3576134513&perks=1840239774,2749775325,4071163871,960997401
dimwishlist:item=3576134513&perks=1840239774,2749775325,4071163871,557221067
dimwishlist:item=3576134513&perks=1840239774,2749775325,3987942396,3708227201
dimwishlist:item=3576134513&perks=1840239774,2749775325,3987942396,4198902903
dimwishlist:item=3576134513&perks=1840239774,2749775325,3987942396,960997401
dimwishlist:item=3576134513&perks=1840239774,2749775325,3987942396,557221067
dimwishlist:item=3576134513&perks=1840239774,2749775325,4190679284,3708227201
dimwishlist:item=3576134513&perks=1840239774,2749775325,4190679284,4198902903
dimwishlist:item=3576134513&perks=1840239774,2749775325,4190679284,960997401
dimwishlist:item=3576134513&perks=1840239774,2749775325,4190679284,557221067
dimwishlist:item=3576134513&perks=839105230,732557052,4071163871,3708227201
dimwishlist:item=3576134513&perks=839105230,732557052,4071163871,4198902903
dimwishlist:item=3576134513&perks=839105230,732557052,4071163871,960997401
dimwishlist:item=3576134513&perks=839105230,732557052,4071163871,557221067
dimwishlist:item=3576134513&perks=839105230,732557052,3987942396,3708227201
dimwishlist:item=3576134513&perks=839105230,732557052,3987942396,4198902903
dimwishlist:item=3576134513&perks=839105230,732557052,3987942396,960997401
dimwishlist:item=3576134513&perks=839105230,732557052,3987942396,557221067
dimwishlist:item=3576134513&perks=839105230,732557052,4190679284,3708227201
dimwishlist:item=3576134513&perks=839105230,732557052,4190679284,4198902903
dimwishlist:item=3576134513&perks=839105230,732557052,4190679284,960997401
dimwishlist:item=3576134513&perks=839105230,732557052,4190679284,557221067
dimwishlist:item=3576134513&perks=839105230,2749775325,4071163871,3708227201
dimwishlist:item=3576134513&perks=839105230,2749775325,4071163871,4198902903
dimwishlist:item=3576134513&perks=839105230,2749775325,4071163871,960997401
dimwishlist:item=3576134513&perks=839105230,2749775325,4071163871,557221067
dimwishlist:item=3576134513&perks=839105230,2749775325,3987942396,3708227201
dimwishlist:item=3576134513&perks=839105230,2749775325,3987942396,4198902903
dimwishlist:item=3576134513&perks=839105230,2749775325,3987942396,960997401
dimwishlist:item=3576134513&perks=839105230,2749775325,3987942396,557221067
dimwishlist:item=3576134513&perks=839105230,2749775325,4190679284,3708227201
dimwishlist:item=3576134513&perks=839105230,2749775325,4190679284,4198902903
dimwishlist:item=3576134513&perks=839105230,2749775325,4190679284,960997401
dimwishlist:item=3576134513&perks=839105230,2749775325,4190679284,557221067


// Trachinus ()
dimwishlist:item=3635232671&perks=839105230,791862061,247725512,555281244
dimwishlist:item=3635232671&perks=839105230,791862061,247725512,2978966579
dimwishlist:item=3635232671&perks=839105230,791862061,247725512,124408337
dimwishlist:item=3635232671&perks=839105230,791862061,1955165503,555281244
dimwishlist:item=3635232671&perks=839105230,791862061,1955165503,2978966579
dimwishlist:item=3635232671&perks=839105230,791862061,1955165503,124408337
dimwishlist:item=3635232671&perks=839105230,3142289711,247725512,555281244
dimwishlist:item=3635232671&perks=839105230,3142289711,247725512,2978966579
dimwishlist:item=3635232671&perks=839105230,3142289711,247725512,124408337
dimwishlist:item=3635232671&perks=839105230,3142289711,1955165503,555281244
dimwishlist:item=3635232671&perks=839105230,3142289711,1955165503,2978966579
dimwishlist:item=3635232671&perks=839105230,3142289711,1955165503,124408337
dimwishlist:item=3635232671&perks=1840239774,791862061,247725512,555281244
dimwishlist:item=3635232671&perks=1840239774,791862061,247725512,2978966579
dimwishlist:item=3635232671&perks=1840239774,791862061,247725512,124408337
dimwishlist:item=3635232671&perks=1840239774,791862061,1955165503,555281244
dimwishlist:item=3635232671&perks=1840239774,791862061,1955165503,2978966579
dimwishlist:item=3635232671&perks=1840239774,791862061,1955165503,124408337
dimwishlist:item=3635232671&perks=1840239774,3142289711,247725512,555281244
dimwishlist:item=3635232671&perks=1840239774,3142289711,247725512,2978966579
dimwishlist:item=3635232671&perks=1840239774,3142289711,247725512,124408337
dimwishlist:item=3635232671&perks=1840239774,3142289711,1955165503,555281244
dimwishlist:item=3635232671&perks=1840239774,3142289711,1955165503,2978966579
dimwishlist:item=3635232671&perks=1840239774,3142289711,1955165503,124408337


// MIDA Mini-Tool ()
dimwishlist:item=3946054154&perks=839105230,1885400500,3017780555,4293542123
dimwishlist:item=3946054154&perks=839105230,1885400500,3017780555,2890807135
dimwishlist:item=3946054154&perks=839105230,1885400500,3017780555,3764420437
dimwishlist:item=3946054154&perks=839105230,1885400500,3017780555,3081867624
dimwishlist:item=3946054154&perks=839105230,1885400500,243981275,4293542123
dimwishlist:item=3946054154&perks=839105230,1885400500,243981275,2890807135
dimwishlist:item=3946054154&perks=839105230,1885400500,243981275,3764420437
dimwishlist:item=3946054154&perks=839105230,1885400500,243981275,3081867624
dimwishlist:item=3946054154&perks=839105230,1885400500,1119449540,4293542123
dimwishlist:item=3946054154&perks=839105230,1885400500,1119449540,2890807135
dimwishlist:item=3946054154&perks=839105230,1885400500,1119449540,3764420437
dimwishlist:item=3946054154&perks=839105230,1885400500,1119449540,3081867624
dimwishlist:item=3946054154&perks=839105230,1561002382,3017780555,4293542123
dimwishlist:item=3946054154&perks=839105230,1561002382,3017780555,2890807135
dimwishlist:item=3946054154&perks=839105230,1561002382,3017780555,3764420437
dimwishlist:item=3946054154&perks=839105230,1561002382,3017780555,3081867624
dimwishlist:item=3946054154&perks=839105230,1561002382,243981275,4293542123
dimwishlist:item=3946054154&perks=839105230,1561002382,243981275,2890807135
dimwishlist:item=3946054154&perks=839105230,1561002382,243981275,3764420437
dimwishlist:item=3946054154&perks=839105230,1561002382,243981275,3081867624
dimwishlist:item=3946054154&perks=839105230,1561002382,1119449540,4293542123
dimwishlist:item=3946054154&perks=839105230,1561002382,1119449540,2890807135
dimwishlist:item=3946054154&perks=839105230,1561002382,1119449540,3764420437
dimwishlist:item=3946054154&perks=839105230,1561002382,1119449540,3081867624
dimwishlist:item=3946054154&perks=839105230,3230963543,3017780555,4293542123
dimwishlist:item=3946054154&perks=839105230,3230963543,3017780555,2890807135
dimwishlist:item=3946054154&perks=839105230,3230963543,3017780555,3764420437
dimwishlist:item=3946054154&perks=839105230,3230963543,3017780555,3081867624
dimwishlist:item=3946054154&perks=839105230,3230963543,243981275,4293542123
dimwishlist:item=3946054154&perks=839105230,3230963543,243981275,2890807135
dimwishlist:item=3946054154&perks=839105230,3230963543,243981275,3764420437
dimwishlist:item=3946054154&perks=839105230,3230963543,243981275,3081867624
dimwishlist:item=3946054154&perks=839105230,3230963543,1119449540,4293542123
dimwishlist:item=3946054154&perks=839105230,3230963543,1119449540,2890807135
dimwishlist:item=3946054154&perks=839105230,3230963543,1119449540,3764420437
dimwishlist:item=3946054154&perks=839105230,3230963543,1119449540,3081867624
dimwishlist:item=3946054154&perks=839105230,679225683,3017780555,4293542123
dimwishlist:item=3946054154&perks=839105230,679225683,3017780555,2890807135
dimwishlist:item=3946054154&perks=839105230,679225683,3017780555,3764420437
dimwishlist:item=3946054154&perks=839105230,679225683,3017780555,3081867624
dimwishlist:item=3946054154&perks=839105230,679225683,243981275,4293542123
dimwishlist:item=3946054154&perks=839105230,679225683,243981275,2890807135
dimwishlist:item=3946054154&perks=839105230,679225683,243981275,3764420437
dimwishlist:item=3946054154&perks=839105230,679225683,243981275,3081867624
dimwishlist:item=3946054154&perks=839105230,679225683,1119449540,4293542123
dimwishlist:item=3946054154&perks=839105230,679225683,1119449540,2890807135
dimwishlist:item=3946054154&perks=839105230,679225683,1119449540,3764420437
dimwishlist:item=3946054154&perks=839105230,679225683,1119449540,3081867624
dimwishlist:item=3946054154&perks=1840239774,1885400500,3017780555,4293542123
dimwishlist:item=3946054154&perks=1840239774,1885400500,3017780555,2890807135
dimwishlist:item=3946054154&perks=1840239774,1885400500,3017780555,3764420437
dimwishlist:item=3946054154&perks=1840239774,1885400500,3017780555,3081867624
dimwishlist:item=3946054154&perks=1840239774,1885400500,243981275,4293542123
dimwishlist:item=3946054154&perks=1840239774,1885400500,243981275,2890807135
dimwishlist:item=3946054154&perks=1840239774,1885400500,243981275,3764420437
dimwishlist:item=3946054154&perks=1840239774,1885400500,243981275,3081867624
dimwishlist:item=3946054154&perks=1840239774,1885400500,1119449540,4293542123
dimwishlist:item=3946054154&perks=1840239774,1885400500,1119449540,2890807135
dimwishlist:item=3946054154&perks=1840239774,1885400500,1119449540,3764420437
dimwishlist:item=3946054154&perks=1840239774,1885400500,1119449540,3081867624
dimwishlist:item=3946054154&perks=1840239774,1561002382,3017780555,4293542123
dimwishlist:item=3946054154&perks=1840239774,1561002382,3017780555,2890807135
dimwishlist:item=3946054154&perks=1840239774,1561002382,3017780555,3764420437
dimwishlist:item=3946054154&perks=1840239774,1561002382,3017780555,3081867624
dimwishlist:item=3946054154&perks=1840239774,1561002382,243981275,4293542123
dimwishlist:item=3946054154&perks=1840239774,1561002382,243981275,2890807135
dimwishlist:item=3946054154&perks=1840239774,1561002382,243981275,3764420437
dimwishlist:item=3946054154&perks=1840239774,1561002382,243981275,3081867624
dimwishlist:item=3946054154&perks=1840239774,1561002382,1119449540,4293542123
dimwishlist:item=3946054154&perks=1840239774,1561002382,1119449540,2890807135
dimwishlist:item=3946054154&perks=1840239774,1561002382,1119449540,3764420437
dimwishlist:item=3946054154&perks=1840239774,1561002382,1119449540,3081867624
dimwishlist:item=3946054154&perks=1840239774,3230963543,3017780555,4293542123
dimwishlist:item=3946054154&perks=1840239774,3230963543,3017780555,2890807135
dimwishlist:item=3946054154&perks=1840239774,3230963543,3017780555,3764420437
dimwishlist:item=3946054154&perks=1840239774,3230963543,3017780555,3081867624
dimwishlist:item=3946054154&perks=1840239774,3230963543,243981275,4293542123
dimwishlist:item=3946054154&perks=1840239774,3230963543,243981275,2890807135
dimwishlist:item=3946054154&perks=1840239774,3230963543,243981275,3764420437
dimwishlist:item=3946054154&perks=1840239774,3230963543,243981275,3081867624
dimwishlist:item=3946054154&perks=1840239774,3230963543,1119449540,4293542123
dimwishlist:item=3946054154&perks=1840239774,3230963543,1119449540,2890807135
dimwishlist:item=3946054154&perks=1840239774,3230963543,1119449540,3764420437
dimwishlist:item=3946054154&perks=1840239774,3230963543,1119449540,3081867624
dimwishlist:item=3946054154&perks=1840239774,679225683,3017780555,4293542123
dimwishlist:item=3946054154&perks=1840239774,679225683,3017780555,2890807135
dimwishlist:item=3946054154&perks=1840239774,679225683,3017780555,3764420437
dimwishlist:item=3946054154&perks=1840239774,679225683,3017780555,3081867624
dimwishlist:item=3946054154&perks=1840239774,679225683,243981275,4293542123
dimwishlist:item=3946054154&perks=1840239774,679225683,243981275,2890807135
dimwishlist:item=3946054154&perks=1840239774,679225683,243981275,3764420437
dimwishlist:item=3946054154&perks=1840239774,679225683,243981275,3081867624
dimwishlist:item=3946054154&perks=1840239774,679225683,1119449540,4293542123
dimwishlist:item=3946054154&perks=1840239774,679225683,1119449540,2890807135
dimwishlist:item=3946054154&perks=1840239774,679225683,1119449540,3764420437
dimwishlist:item=3946054154&perks=1840239774,679225683,1119449540,3081867624


// Jurisprudent ()
dimwishlist:item=4090134063&perks=839105230,3230963543,3828510309,124408337
dimwishlist:item=4090134063&perks=839105230,3230963543,3828510309,3038247973
dimwishlist:item=4090134063&perks=839105230,3230963543,3828510309,2896038713
dimwishlist:item=4090134063&perks=839105230,3230963543,247725512,124408337
dimwishlist:item=4090134063&perks=839105230,3230963543,247725512,3038247973
dimwishlist:item=4090134063&perks=839105230,3230963543,247725512,2896038713
dimwishlist:item=4090134063&perks=839105230,1885400500,3828510309,124408337
dimwishlist:item=4090134063&perks=839105230,1885400500,3828510309,3038247973
dimwishlist:item=4090134063&perks=839105230,1885400500,3828510309,2896038713
dimwishlist:item=4090134063&perks=839105230,1885400500,247725512,124408337
dimwishlist:item=4090134063&perks=839105230,1885400500,247725512,3038247973
dimwishlist:item=4090134063&perks=839105230,1885400500,247725512,2896038713
dimwishlist:item=4090134063&perks=839105230,679225683,3828510309,124408337
dimwishlist:item=4090134063&perks=839105230,679225683,3828510309,3038247973
dimwishlist:item=4090134063&perks=839105230,679225683,3828510309,2896038713
dimwishlist:item=4090134063&perks=839105230,679225683,247725512,124408337
dimwishlist:item=4090134063&perks=839105230,679225683,247725512,3038247973
dimwishlist:item=4090134063&perks=839105230,679225683,247725512,2896038713
dimwishlist:item=4090134063&perks=839105230,1561002382,3828510309,124408337
dimwishlist:item=4090134063&perks=839105230,1561002382,3828510309,3038247973
dimwishlist:item=4090134063&perks=839105230,1561002382,3828510309,2896038713
dimwishlist:item=4090134063&perks=839105230,1561002382,247725512,124408337
dimwishlist:item=4090134063&perks=839105230,1561002382,247725512,3038247973
dimwishlist:item=4090134063&perks=839105230,1561002382,247725512,2896038713
dimwishlist:item=4090134063&perks=1840239774,3230963543,3828510309,124408337
dimwishlist:item=4090134063&perks=1840239774,3230963543,3828510309,3038247973
dimwishlist:item=4090134063&perks=1840239774,3230963543,3828510309,2896038713
dimwishlist:item=4090134063&perks=1840239774,3230963543,247725512,124408337
dimwishlist:item=4090134063&perks=1840239774,3230963543,247725512,3038247973
dimwishlist:item=4090134063&perks=1840239774,3230963543,247725512,2896038713
dimwishlist:item=4090134063&perks=1840239774,1885400500,3828510309,124408337
dimwishlist:item=4090134063&perks=1840239774,1885400500,3828510309,3038247973
dimwishlist:item=4090134063&perks=1840239774,1885400500,3828510309,2896038713
dimwishlist:item=4090134063&perks=1840239774,1885400500,247725512,124408337
dimwishlist:item=4090134063&perks=1840239774,1885400500,247725512,3038247973
dimwishlist:item=4090134063&perks=1840239774,1885400500,247725512,2896038713
dimwishlist:item=4090134063&perks=1840239774,679225683,3828510309,124408337
dimwishlist:item=4090134063&perks=1840239774,679225683,3828510309,3038247973
dimwishlist:item=4090134063&perks=1840239774,679225683,3828510309,2896038713
dimwishlist:item=4090134063&perks=1840239774,679225683,247725512,124408337
dimwishlist:item=4090134063&perks=1840239774,679225683,247725512,3038247973
dimwishlist:item=4090134063&perks=1840239774,679225683,247725512,2896038713
dimwishlist:item=4090134063&perks=1840239774,1561002382,3828510309,124408337
dimwishlist:item=4090134063&perks=1840239774,1561002382,3828510309,3038247973
dimwishlist:item=4090134063&perks=1840239774,1561002382,3828510309,2896038713
dimwishlist:item=4090134063&perks=1840239774,1561002382,247725512,124408337
dimwishlist:item=4090134063&perks=1840239774,1561002382,247725512,3038247973
dimwishlist:item=4090134063&perks=1840239774,1561002382,247725512,2896038713


// Oxygen SR3 ()
dimwishlist:item=4104613038&perks=1840239774,3230963543,3017780555,657025441
dimwishlist:item=4104613038&perks=1840239774,3230963543,3017780555,2890807135
dimwishlist:item=4104613038&perks=1840239774,3230963543,3017780555,2551157718
dimwishlist:item=4104613038&perks=1840239774,3230963543,247725512,657025441
dimwishlist:item=4104613038&perks=1840239774,3230963543,247725512,2890807135
dimwishlist:item=4104613038&perks=1840239774,3230963543,247725512,2551157718
dimwishlist:item=4104613038&perks=1840239774,3230963543,3700496672,657025441
dimwishlist:item=4104613038&perks=1840239774,3230963543,3700496672,2890807135
dimwishlist:item=4104613038&perks=1840239774,3230963543,3700496672,2551157718
dimwishlist:item=4104613038&perks=1840239774,106909392,3017780555,657025441
dimwishlist:item=4104613038&perks=1840239774,106909392,3017780555,2890807135
dimwishlist:item=4104613038&perks=1840239774,106909392,3017780555,2551157718
dimwishlist:item=4104613038&perks=1840239774,106909392,247725512,657025441
dimwishlist:item=4104613038&perks=1840239774,106909392,247725512,2890807135
dimwishlist:item=4104613038&perks=1840239774,106909392,247725512,2551157718
dimwishlist:item=4104613038&perks=1840239774,106909392,3700496672,657025441
dimwishlist:item=4104613038&perks=1840239774,106909392,3700496672,2890807135
dimwishlist:item=4104613038&perks=1840239774,106909392,3700496672,2551157718
dimwishlist:item=4104613038&perks=1840239774,1885400500,3017780555,657025441
dimwishlist:item=4104613038&perks=1840239774,1885400500,3017780555,2890807135
dimwishlist:item=4104613038&perks=1840239774,1885400500,3017780555,2551157718
dimwishlist:item=4104613038&perks=1840239774,1885400500,247725512,657025441
dimwishlist:item=4104613038&perks=1840239774,1885400500,247725512,2890807135
dimwishlist:item=4104613038&perks=1840239774,1885400500,247725512,2551157718
dimwishlist:item=4104613038&perks=1840239774,1885400500,3700496672,657025441
dimwishlist:item=4104613038&perks=1840239774,1885400500,3700496672,2890807135
dimwishlist:item=4104613038&perks=1840239774,1885400500,3700496672,2551157718
dimwishlist:item=4104613038&perks=1840239774,679225683,3017780555,657025441
dimwishlist:item=4104613038&perks=1840239774,679225683,3017780555,2890807135
dimwishlist:item=4104613038&perks=1840239774,679225683,3017780555,2551157718
dimwishlist:item=4104613038&perks=1840239774,679225683,247725512,657025441
dimwishlist:item=4104613038&perks=1840239774,679225683,247725512,2890807135
dimwishlist:item=4104613038&perks=1840239774,679225683,247725512,2551157718
dimwishlist:item=4104613038&perks=1840239774,679225683,3700496672,657025441
dimwishlist:item=4104613038&perks=1840239774,679225683,3700496672,2890807135
dimwishlist:item=4104613038&perks=1840239774,679225683,3700496672,2551157718
dimwishlist:item=4104613038&perks=839105230,3230963543,3017780555,657025441
dimwishlist:item=4104613038&perks=839105230,3230963543,3017780555,2890807135
dimwishlist:item=4104613038&perks=839105230,3230963543,3017780555,2551157718
dimwishlist:item=4104613038&perks=839105230,3230963543,247725512,657025441
dimwishlist:item=4104613038&perks=839105230,3230963543,247725512,2890807135
dimwishlist:item=4104613038&perks=839105230,3230963543,247725512,2551157718
dimwishlist:item=4104613038&perks=839105230,3230963543,3700496672,657025441
dimwishlist:item=4104613038&perks=839105230,3230963543,3700496672,2890807135
dimwishlist:item=4104613038&perks=839105230,3230963543,3700496672,2551157718
dimwishlist:item=4104613038&perks=839105230,106909392,3017780555,657025441
dimwishlist:item=4104613038&perks=839105230,106909392,3017780555,2890807135
dimwishlist:item=4104613038&perks=839105230,106909392,3017780555,2551157718
dimwishlist:item=4104613038&perks=839105230,106909392,247725512,657025441
dimwishlist:item=4104613038&perks=839105230,106909392,247725512,2890807135
dimwishlist:item=4104613038&perks=839105230,106909392,247725512,2551157718
dimwishlist:item=4104613038&perks=839105230,106909392,3700496672,657025441
dimwishlist:item=4104613038&perks=839105230,106909392,3700496672,2890807135
dimwishlist:item=4104613038&perks=839105230,106909392,3700496672,2551157718
dimwishlist:item=4104613038&perks=839105230,1885400500,3017780555,657025441
dimwishlist:item=4104613038&perks=839105230,1885400500,3017780555,2890807135
dimwishlist:item=4104613038&perks=839105230,1885400500,3017780555,2551157718
dimwishlist:item=4104613038&perks=839105230,1885400500,247725512,657025441
dimwishlist:item=4104613038&perks=839105230,1885400500,247725512,2890807135
dimwishlist:item=4104613038&perks=839105230,1885400500,247725512,2551157718
dimwishlist:item=4104613038&perks=839105230,1885400500,3700496672,657025441
dimwishlist:item=4104613038&perks=839105230,1885400500,3700496672,2890807135
dimwishlist:item=4104613038&perks=839105230,1885400500,3700496672,2551157718
dimwishlist:item=4104613038&perks=839105230,679225683,3017780555,657025441
dimwishlist:item=4104613038&perks=839105230,679225683,3017780555,2890807135
dimwishlist:item=4104613038&perks=839105230,679225683,3017780555,2551157718
dimwishlist:item=4104613038&perks=839105230,679225683,247725512,657025441
dimwishlist:item=4104613038&perks=839105230,679225683,247725512,2890807135
dimwishlist:item=4104613038&perks=839105230,679225683,247725512,2551157718
dimwishlist:item=4104613038&perks=839105230,679225683,3700496672,657025441
dimwishlist:item=4104613038&perks=839105230,679225683,3700496672,2890807135
dimwishlist:item=4104613038&perks=839105230,679225683,3700496672,2551157718


// Outrageous Fortune ()
dimwishlist:item=4146673634&perks=3525010810,3301904089,4293542123,3078487919
dimwishlist:item=4146673634&perks=3525010810,3301904089,4293542123,2396489472
dimwishlist:item=4146673634&perks=3525010810,3301904089,4293542123,2890807135
dimwishlist:item=4146673634&perks=3525010810,3301904089,3987942396,3078487919
dimwishlist:item=4146673634&perks=3525010810,3301904089,3987942396,2396489472
dimwishlist:item=4146673634&perks=3525010810,3301904089,3987942396,2890807135
dimwishlist:item=4146673634&perks=3525010810,3301904089,1017229899,3078487919
dimwishlist:item=4146673634&perks=3525010810,3301904089,1017229899,2396489472
dimwishlist:item=4146673634&perks=3525010810,3301904089,1017229899,2890807135
dimwishlist:item=4146673634&perks=3525010810,3373736292,4293542123,3078487919
dimwishlist:item=4146673634&perks=3525010810,3373736292,4293542123,2396489472
dimwishlist:item=4146673634&perks=3525010810,3373736292,4293542123,2890807135
dimwishlist:item=4146673634&perks=3525010810,3373736292,3987942396,3078487919
dimwishlist:item=4146673634&perks=3525010810,3373736292,3987942396,2396489472
dimwishlist:item=4146673634&perks=3525010810,3373736292,3987942396,2890807135
dimwishlist:item=4146673634&perks=3525010810,3373736292,1017229899,3078487919
dimwishlist:item=4146673634&perks=3525010810,3373736292,1017229899,2396489472
dimwishlist:item=4146673634&perks=3525010810,3373736292,1017229899,2890807135
dimwishlist:item=4146673634&perks=1478423395,3301904089,4293542123,3078487919
dimwishlist:item=4146673634&perks=1478423395,3301904089,4293542123,2396489472
dimwishlist:item=4146673634&perks=1478423395,3301904089,4293542123,2890807135
dimwishlist:item=4146673634&perks=1478423395,3301904089,3987942396,3078487919
dimwishlist:item=4146673634&perks=1478423395,3301904089,3987942396,2396489472
dimwishlist:item=4146673634&perks=1478423395,3301904089,3987942396,2890807135
dimwishlist:item=4146673634&perks=1478423395,3301904089,1017229899,3078487919
dimwishlist:item=4146673634&perks=1478423395,3301904089,1017229899,2396489472
dimwishlist:item=4146673634&perks=1478423395,3301904089,1017229899,2890807135
dimwishlist:item=4146673634&perks=1478423395,3373736292,4293542123,3078487919
dimwishlist:item=4146673634&perks=1478423395,3373736292,4293542123,2396489472
dimwishlist:item=4146673634&perks=1478423395,3373736292,4293542123,2890807135
dimwishlist:item=4146673634&perks=1478423395,3373736292,3987942396,3078487919
dimwishlist:item=4146673634&perks=1478423395,3373736292,3987942396,2396489472
dimwishlist:item=4146673634&perks=1478423395,3373736292,3987942396,2890807135
dimwishlist:item=4146673634&perks=1478423395,3373736292,1017229899,3078487919
dimwishlist:item=4146673634&perks=1478423395,3373736292,1017229899,2396489472
dimwishlist:item=4146673634&perks=1478423395,3373736292,1017229899,2890807135


// Taraxippos ()
dimwishlist:item=4148460558&perks=839105230,1885400500,2387244414,555281244
dimwishlist:item=4148460558&perks=839105230,1885400500,2387244414,1015611457
dimwishlist:item=4148460558&perks=839105230,1885400500,2387244414,960997401
dimwishlist:item=4148460558&perks=839105230,1885400500,3828510309,555281244
dimwishlist:item=4148460558&perks=839105230,1885400500,3828510309,1015611457
dimwishlist:item=4148460558&perks=839105230,1885400500,3828510309,960997401
dimwishlist:item=4148460558&perks=839105230,1885400500,2579169598,555281244
dimwishlist:item=4148460558&perks=839105230,1885400500,2579169598,1015611457
dimwishlist:item=4148460558&perks=839105230,1885400500,2579169598,960997401
dimwishlist:item=4148460558&perks=839105230,1561002382,2387244414,555281244
dimwishlist:item=4148460558&perks=839105230,1561002382,2387244414,1015611457
dimwishlist:item=4148460558&perks=839105230,1561002382,2387244414,960997401
dimwishlist:item=4148460558&perks=839105230,1561002382,3828510309,555281244
dimwishlist:item=4148460558&perks=839105230,1561002382,3828510309,1015611457
dimwishlist:item=4148460558&perks=839105230,1561002382,3828510309,960997401
dimwishlist:item=4148460558&perks=839105230,1561002382,2579169598,555281244
dimwishlist:item=4148460558&perks=839105230,1561002382,2579169598,1015611457
dimwishlist:item=4148460558&perks=839105230,1561002382,2579169598,960997401
dimwishlist:item=4148460558&perks=839105230,3142289711,2387244414,555281244
dimwishlist:item=4148460558&perks=839105230,3142289711,2387244414,1015611457
dimwishlist:item=4148460558&perks=839105230,3142289711,2387244414,960997401
dimwishlist:item=4148460558&perks=839105230,3142289711,3828510309,555281244
dimwishlist:item=4148460558&perks=839105230,3142289711,3828510309,1015611457
dimwishlist:item=4148460558&perks=839105230,3142289711,3828510309,960997401
dimwishlist:item=4148460558&perks=839105230,3142289711,2579169598,555281244
dimwishlist:item=4148460558&perks=839105230,3142289711,2579169598,1015611457
dimwishlist:item=4148460558&perks=839105230,3142289711,2579169598,960997401
dimwishlist:item=4148460558&perks=1840239774,1885400500,2387244414,555281244
dimwishlist:item=4148460558&perks=1840239774,1885400500,2387244414,1015611457
dimwishlist:item=4148460558&perks=1840239774,1885400500,2387244414,960997401
dimwishlist:item=4148460558&perks=1840239774,1885400500,3828510309,555281244
dimwishlist:item=4148460558&perks=1840239774,1885400500,3828510309,1015611457
dimwishlist:item=4148460558&perks=1840239774,1885400500,3828510309,960997401
dimwishlist:item=4148460558&perks=1840239774,1885400500,2579169598,555281244
dimwishlist:item=4148460558&perks=1840239774,1885400500,2579169598,1015611457
dimwishlist:item=4148460558&perks=1840239774,1885400500,2579169598,960997401
dimwishlist:item=4148460558&perks=1840239774,1561002382,2387244414,555281244
dimwishlist:item=4148460558&perks=1840239774,1561002382,2387244414,1015611457
dimwishlist:item=4148460558&perks=1840239774,1561002382,2387244414,960997401
dimwishlist:item=4148460558&perks=1840239774,1561002382,3828510309,555281244
dimwishlist:item=4148460558&perks=1840239774,1561002382,3828510309,1015611457
dimwishlist:item=4148460558&perks=1840239774,1561002382,3828510309,960997401
dimwishlist:item=4148460558&perks=1840239774,1561002382,2579169598,555281244
dimwishlist:item=4148460558&perks=1840239774,1561002382,2579169598,1015611457
dimwishlist:item=4148460558&perks=1840239774,1561002382,2579169598,960997401
dimwishlist:item=4148460558&perks=1840239774,3142289711,2387244414,555281244
dimwishlist:item=4148460558&perks=1840239774,3142289711,2387244414,1015611457
dimwishlist:item=4148460558&perks=1840239774,3142289711,2387244414,960997401
dimwishlist:item=4148460558&perks=1840239774,3142289711,3828510309,555281244
dimwishlist:item=4148460558&perks=1840239774,3142289711,3828510309,1015611457
dimwishlist:item=4148460558&perks=1840239774,3142289711,3828510309,960997401
dimwishlist:item=4148460558&perks=1840239774,3142289711,2579169598,555281244
dimwishlist:item=4148460558&perks=1840239774,3142289711,2579169598,1015611457
dimwishlist:item=4148460558&perks=1840239774,3142289711,2579169598,960997401


// Romantic Death ()
dimwishlist:item=4169082039&perks=1478423395,2822142346,4071163871,2048641572
dimwishlist:item=4169082039&perks=1478423395,2822142346,4071163871,4049631843
dimwishlist:item=4169082039&perks=1478423395,2822142346,4071163871,2396489472
dimwishlist:item=4169082039&perks=1478423395,2822142346,2779035018,2048641572
dimwishlist:item=4169082039&perks=1478423395,2822142346,2779035018,4049631843
dimwishlist:item=4169082039&perks=1478423395,2822142346,2779035018,2396489472
dimwishlist:item=4169082039&perks=1478423395,2822142346,776531651,2048641572
dimwishlist:item=4169082039&perks=1478423395,2822142346,776531651,4049631843
dimwishlist:item=4169082039&perks=1478423395,2822142346,776531651,2396489472
dimwishlist:item=4169082039&perks=3525010810,2822142346,4071163871,2048641572
dimwishlist:item=4169082039&perks=3525010810,2822142346,4071163871,4049631843
dimwishlist:item=4169082039&perks=3525010810,2822142346,4071163871,2396489472
dimwishlist:item=4169082039&perks=3525010810,2822142346,2779035018,2048641572
dimwishlist:item=4169082039&perks=3525010810,2822142346,2779035018,4049631843
dimwishlist:item=4169082039&perks=3525010810,2822142346,2779035018,2396489472
dimwishlist:item=4169082039&perks=3525010810,2822142346,776531651,2048641572
dimwishlist:item=4169082039&perks=3525010810,2822142346,776531651,4049631843
dimwishlist:item=4169082039&perks=3525010810,2822142346,776531651,2396489472


